t	X1	Y1	X2	Y2	X3	Y3	X4	Y4	X5	Y5	X6	Y6
1	1.316538484	-0.426547215	-0.072731211	-0.849418634	0.378252987	0.645198145	0.351748235	-1.613314262	-1.142909019	-1.917251117	0.400114066	-1.769313424
2	1.622079	-0.384888497	-0.135143652	-0.623843771	1.1268874	0.529282158	0.74323648	-1.552711467	-1.176248504	-2.152416963	-0.058043639	-1.246875263
3	1.047583897	-0.506119853	0.304737306	-0.840515893	1.319737587	0.749587337	0.559513424	-1.776454822	-1.321750055	-1.287649857	-0.267345535	-0.914039942
4	1.109457641	-0.737865898	0.17302557	-0.94956613	1.222002422	0.777928479	0.426164176	-1.703972791	-1.405877307	-1.354431971	0.031993466	-1.910232935
5	1.325978613	-0.391173789	-0.515515838	-0.822245585	0.47086744	0.519503316	0.14707677	-2.377558322	-1.387185137	-1.628398595	0.295464238	-1.714912442
6	1.177177256	-0.625635521	-0.513209249	-0.523092537	0.685039492	0.533110557	0.359252364	-2.495399706	-0.797455775	-1.561775729	0.374384013	-1.841610629
7	1.332373772	-0.214150648	-0.575456442	-0.713195114	1.193950702	0.622430776	0.296246195	-2.451818139	-1.429228587	-1.816467757	0.252133285	-1.956101912
8	1.061904848	-0.404511846	-0.231312489	-0.088781602	0.52334695	0.581803731	0.136899224	-2.412640736	-1.542761848	-2.403466699	0.429354132	-1.655616954
9	0.83764066	-0.322342951	-1.250776981	-0.040789527	0.907508761	0.827027008	-0.179083764	-1.858360853	-1.47328662	-1.730534353	0.225888251	-1.698321905
10	0.411657605	-0.243300203	-1.123999567	-0.563775729	0.335918244	0.684634523	-0.038580235	-1.68329335	-0.814043245	-2.263868551	-0.017294413	-1.211032969
11	0.38620944	-0.180140338	-1.979685619	-0.087642711	0.571884597	0.693175524	-0.505354034	-2.217203944	-1.02179168	-2.490889961	0.182460005	-1.723734622
12	0.498442249	-0.216091947	-2.412268937	-0.355291032	-0.077963693	1.256732467	-0.354428772	-1.738751719	-1.025040356	-2.540287659	-0.16331655	-0.702600786
13	0.383670919	-0.161049494	-2.744978695	-0.342083663	1.030691726	0.791810999	-0.474401583	-1.051762097	-1.035817082	-2.81013788	-0.22766603	-0.778949931
14	0.354451516	-0.199992345	-2.322850412	-0.895010955	0.654337507	0.639818901	-0.454820742	-2.788495086	-1.243143688	-2.752398156	-0.14326054	-0.914499369
15	0.426455	-0.147706066	-2.886751966	-0.519685886	0.003343262	0.478726219	-0.489372534	-1.854648306	-0.899810192	-2.531783766	-0.359484178	-0.887774897
16	0.174083749	-0.013223924	-2.89166862	-0.195899766	0.458378768	0.520405797	-0.591867318	-2.20449951	-0.796611204	-2.240101553	-0.479803428	-0.799485818
17	0.740451113	-0.055598105	-3.686218168	-0.645818393	0.077330069	0.630210284	-0.882650703	-1.596863476	-1.011589801	-2.538793347	-0.582593246	-1.303594052
18	-0.080875085	1.342708643	-4.244737401	-0.417776894	0.148434235	0.730295968	-1.225246801	-1.799942546	-0.83667337	-2.598976063	-0.789341823	-1.56957603
19	-0.009808146	0.496952407	-3.99505984	-0.177567085	0.773507947	0.706600276	-0.888868594	-1.842509982	-0.387272733	-1.83658196	0.232950232	-1.723274883
20	-0.277940907	0.095931573	-4.476541852	-0.309027309	0.974646686	0.586963433	-0.984105477	-2.641193517	-0.846312651	-2.027159522	-0.0144788	-0.801378996
21	0.479751926	-0.19684448	-4.309647497	-1.057365406	1.043806058	0.757540931	-0.813840816	-2.56857169	-1.630695704	-2.376397856	0.168953519	-1.769355249
22	-0.448755561	0.407712414	-4.266203579	-0.585072231	1.27931426	0.520467196	-1.319684201	-2.293565723	-0.742350592	-2.663421706	-0.654848139	-0.720712198
23	0.504777004	0.137379441	-5.215949549	-0.880200311	0.198658767	0.539249297	-1.263148083	-2.243821754	-0.656840933	-2.645097382	-0.180774317	-0.93182072
24	-0.738311686	1.68739899	-4.907640081	-0.944617955	-0.068661855	1.758150008	-1.649914738	-2.41406277	-0.822086736	-2.764893933	-0.505135229	-0.463145736
25	-0.935668524	1.146515613	-4.969541527	-0.307105587	0.176121751	0.485050267	-1.722921746	-2.437984263	-1.035249324	-3.641848316	-0.815448488	-0.625794504
26	-0.836756073	0.855441526	-5.167754516	-1.106245191	-0.023873834	1.357067495	-1.803937694	-2.613167488	-0.647656335	-3.394639796	-0.591327992	-1.345682383
27	-0.853070048	1.12122183	-5.20607384	-1.095101151	-0.19772983	1.319399186	-1.574530494	-3.095435762	-0.865812476	-3.284224278	-0.646678594	-1.316694624
28	-1.202368191	1.488886354	-5.668176163	-1.018785143	0.337926269	0.302948175	-1.675698519	-2.819915132	-1.556891831	-2.813940395	-0.327308774	-1.340931599
29	-1.188303954	0.631006686	-5.805531376	-1.275242858	0.480088899	0.17085268	-2.003952573	-3.486161513	-0.888349742	-3.320792272	-0.157852625	-1.419057257
30	-1.174965516	1.30041173	-5.836837668	-0.372920914	-0.334557614	0.80209666	-2.178615017	-4.056942733	-0.477741394	-2.423457698	-1.255391699	-0.577788963
31	-1.172116668	0.896626528	-6.328958967	-1.324063865	-0.109431236	0.706385265	-2.117809886	-3.508094409	-0.36524565	-2.622781542	-0.20535484	-0.825682446
32	-1.10471214	0.644693944	-6.223620223	-1.188187307	-0.165281858	0.973695967	-2.184801751	-3.888099199	-0.615343288	-2.772001495	-0.769753556	-1.410526456
33	-1.155335794	1.565378095	-6.285220493	-0.913623455	0.173257189	0.059409462	-2.483666716	-2.788807492	-0.259027737	-4.16930384	-0.925353138	-1.0411832
34	-1.235860186	0.502854882	-6.010451374	-0.709096705	-0.413786603	0.968276497	-2.488685628	-3.477480736	-1.347648088	-3.00608213	-0.136114735	-1.426215462
35	-0.942424971	0.338671247	-6.553972453	-0.414220558	0.257429113	0.242940591	-2.283013331	-3.149882665	-1.021309923	-2.978855439	-0.624322034	-1.405578857
36	-1.100300792	0.279239596	-6.497852294	-0.737423685	0.038089969	-0.015383484	-1.309446055	-3.993309789	-1.342501141	-3.832837995	-0.532333498	-0.820073995
37	-1.059131701	1.58800068	-6.758823268	-0.949548283	0.04657162	0.211481538	-2.59984911	-3.410514678	-1.121865674	-3.395718383	-0.403149761	-1.082698285
38	-0.950491481	1.075342353	-6.935347608	-0.687959221	-0.557836487	0.633202556	-2.498492191	-3.433074604	-0.638590971	-3.034243096	-0.478593738	-0.783962837
39	-0.930037994	1.72221446	-6.736531508	-1.005322696	-0.349417331	1.461131204	-2.748559342	-3.915347125	-1.032178554	-3.943754433	-0.370664042	-1.162748835
40	-1.190833131	1.929171122	-6.777258183	-0.619371573	-0.357125372	1.400749344	-2.508705176	-3.306130559	-0.477487996	-3.208233487	-1.146614867	-0.815550781
41	-1.122832008	1.457221061	-6.796364246	-0.762713055	-0.919837767	1.504813073	-3.002119625	-4.188335607	-0.709688882	-3.380788433	-1.248275936	-1.072102813
42	-0.77288412	2.473366747	-6.850944429	-1.198732871	-0.612277077	0.916197276	-2.924118819	-3.583233674	-0.703438962	-3.862787533	-0.498765528	-1.475956697
43	-0.628115524	1.898498328	-7.36190539	-0.795630616	-0.797830929	1.335002438	-3.092779837	-3.664499876	-0.434809414	-2.882196713	-1.091182852	-1.875690414
44	-0.292748193	1.344002683	-7.25330526	-1.059989582	-1.088591	1.582790981	-3.403975628	-4.66891474	-1.077961994	-4.057721296	-0.29968437	-1.09660551
45	-0.285760352	2.281349559	-7.408716174	-0.313275813	-0.788707774	0.451131296	-3.117362176	-4.471464422	-0.449947316	-3.845840317	-0.522882535	-1.583460797
46	-0.220631039	2.35942347	-7.200218248	-1.148300728	-0.672930245	0.654813914	-3.282869604	-4.687540064	-0.364419309	-3.598976434	-0.497411986	-1.886966041
47	-0.719513557	1.263668873	-7.380320901	-1.067289534	-0.49251698	0.82790723	-3.505236693	-4.140530053	-0.762532594	-3.14942116	-0.766852548	-1.631235007
48	-1.400386117	1.947579322	-7.253307406	-0.563498894	-0.490512872	1.238146487	-3.421600228	-4.274816884	-0.915991576	-3.62314257	-1.270083265	-1.520342404
49	-1.226824728	2.238622908	-7.387333131	-1.278623884	-1.193845855	1.066621193	-3.440983394	-4.097637105	-0.945660103	-3.429392731	-1.203029066	-1.604474501
50	-1.180813445	1.740872271	-7.426267604	-0.755114269	-0.448658767	1.434527583	-3.271036154	-5.009697453	-1.018157414	-4.310159031	-1.405460656	-2.003341821
51	-1.334127089	1.925296411	-7.780338246	-1.025148632	-0.792569544	0.511513511	-3.841582594	-4.589074278	-0.503948498	-4.189720206	-1.557406664	-1.000471438
52	-1.321749333	1.793330764	-7.679977228	-1.441609835	-0.21949532	1.374213862	-3.809148987	-4.906763285	-0.397248335	-3.596658861	-1.055270118	-1.439673771
53	-1.062740936	2.217765912	-7.735728126	-1.324776933	-0.967188515	0.614812086	-3.512188636	-4.281606234	-1.090726357	-4.378507349	-1.24611552	-1.010110778
54	-1.161664809	2.210429482	-7.644287745	-1.299571419	-0.886431767	0.38001173	-3.917465027	-4.613962394	-0.419993207	-3.523448986	-1.338136162	-1.190245149
55	-1.024354799	2.066914835	-7.662139301	-1.681272449	-0.997936715	0.715134527	-3.640292961	-5.479411369	-0.680902579	-4.106505971	-0.730809179	-0.870850769
56	-0.927847413	1.396796488	-7.982757675	-1.289697952	-1.606630562	1.020710322	-3.649323294	-5.42218926	-1.126911194	-3.161205651	-0.776185417	-1.262690514
57	-0.820032494	1.74554782	-8.031671835	-1.174295348	-1.033742621	0.676232259	-4.073644437	-5.374303296	-0.914763228	-3.451318258	-0.931026275	-1.352619358
58	-1.006764426	1.483661306	-7.546168015	-0.969608985	-0.995565536	1.012161616	-3.683211844	-4.773140056	-0.7444808	-4.072050694	-0.912238051	-1.824427449
59	-1.080093401	2.179850362	-7.715531746	-1.538748285	-1.565194763	1.175397325	-3.808393825	-5.129916722	-0.383899565	-3.37490926	-1.227260266	-1.340672502
60	-0.954111227	1.311198324	-7.909578563	-1.597177146	-0.684436798	0.661547763	-4.132509055	-4.90115718	-0.427267561	-3.982583104	-2.030389962	-1.26550353
61	-1.231113383	1.411057666	-7.70875162	-1.076120975	-0.98806462	1.312284729	-4.25411609	-4.977420096	-0.041714948	-3.578070006	-1.46979908	-1.611420655
62	-0.817536858	1.494881475	-7.86841552	-1.217548927	-0.737203587	1.551743648	-4.293518298	-5.854881445	-0.459368517	-4.363008003	-1.512085773	-0.879684932
63	-0.695845892	1.84155118	-7.764708845	-0.982787072	-0.964829959	1.14331177	-4.445727636	-5.501828151	-0.103899468	-4.108161585	-1.585657379	-1.721369874
64	-0.50782056	2.570601049	-7.965656023	-1.013975299	-1.591466545	0.791059424	-4.685832472	-5.424349048	-0.147516228	-3.758094359	-1.293350677	-1.80868802
65	-1.043531702	2.497953448	-7.773365842	-1.051918222	-1.587744277	1.0416723	-4.556408025	-5.283743076	-0.33772138	-3.915197501	-1.919088535	-2.056960782
66	-0.339389874	2.67637702	-7.907931364	-1.811031242	-1.361241814	0.899513437	-4.652815419	-5.606718673	-0.424315383	-4.087305328	-1.420137927	-1.634056639
67	-0.15876079	2.664581627	-7.808437519	-1.453813213	-0.943965163	1.099989376	-4.532675598	-5.158847	-0.535015488	-3.943721992	-1.78620384	-1.343737381
68	-0.330730784	2.116638306	-7.768432644	-1.464306359	-2.260722747	0.881370213	-4.626214977	-5.568375731	-0.72457177	-4.347816619	-1.816791921	-1.168409218
69	0.189169218	1.401170414	-7.817991107	-1.311962883	-2.496459256	0.887977213	-4.464361851	-5.847597303	-0.026690095	-3.809385556	-2.213788728	-1.361918633
70	0.046219504	1.209566907	-7.667425445	-1.881786915	-2.355958152	0.490562898	-4.304640102	-4.931563381	-0.541882624	-4.525989806	-2.038626082	-1.427262809
71	-0.668781492	2.319709529	-7.749355131	-1.474340938	-1.516789791	0.503704755	-4.777423915	-5.193237444	-0.239994031	-3.767198569	-1.550894303	-1.287807599
72	-1.033984489	1.803725138	-7.580060167	-1.46411916	-2.195083563	1.45150392	-4.452737359	-5.226315447	-0.443135637	-4.584136686	-1.774948345	-0.858866445
73	-1.034089007	1.833853168	-7.847590937	-1.699926101	-1.643788287	0.576513167	-4.567757651	-5.983869938	-0.416221126	-4.177677152	-1.344570633	-2.02107876
74	-1.043437877	2.088307213	-7.714234738	-1.280870186	-1.591965411	1.046692508	-4.351913146	-5.104463397	-0.553151002	-4.895430698	-1.511951632	-1.743661248
75	-0.544117768	1.864749571	-7.651869618	-1.774496994	-2.481279266	0.916101493	-4.573856375	-5.766115474	-0.30405169	-4.311918666	-1.679145026	-1.580751427
76	-0.562690841	1.791889998	-7.827815957	-1.804174989	-2.376921133	1.124566583	-4.711003085	-6.146693435	-0.504428378	-4.102960007	-1.992279659	-1.883255346
77	-0.51619191	2.564637973	-7.721153772	-2.134158805	-2.587458885	0.620965345	-4.489493599	-6.053990804	-0.251994761	-4.231417397	-1.032426636	-1.486313384
78	-0.279381716	1.810273924	-7.886239718	-1.799745178	-2.243194116	0.89698756	-4.613324228	-5.460933325	-0.157721881	-4.615664664	-1.829343096	-1.114369858
79	-0.314470556	2.219981702	-7.840666045	-1.391596855	-2.390382014	0.577048198	-4.66367924	-6.240978188	-0.726792005	-3.561648683	-1.93341099	-2.152385058
80	-0.141821619	2.212072539	-7.130519645	-1.616132134	-2.351810634	0.752996484	-5.139885972	-5.642416877	-0.09099994	-3.793612039	-1.584201527	-2.099688822
81	-0.278771186	1.930638828	-7.328309237	-1.253963639	-1.743260436	0.902541475	-4.799078633	-6.081943897	-0.08469986	-3.565221431	-1.294790744	-1.378921399
82	-0.427585116	2.359551681	-7.342622713	-1.124309066	-2.703382043	0.38254682	-5.270141572	-5.92193515	-0.428753566	-4.329582513	-1.664277372	-0.887188893
83	-0.079778789	2.119755055	-7.439485769	-0.946277772	-2.34747552	0.82378339	-5.19796639	-5.860997784	-0.929394424	-3.917110974	-1.743011822	-1.800992543
84	-0.146442785	2.202780908	-7.305871085	-1.639586228	-3.083356976	0.643132054	-4.882689889	-5.567647855	-0.45678364	-4.613772269	-2.070718862	-2.045130604
85	-0.200828057	1.765377654	-7.426200909	-1.314954633	-2.847230877	1.383566058	-4.752356802	-6.074255588	-0.564054349	-3.829449447	-1.512228915	-1.571487088
86	-0.102305069	2.65349514	-7.306383071	-0.937414748	-2.31107329	1.031411559	-4.968577643	-6.261892612	-0.343335145	-3.228628642	-1.380648145	-1.546762603
87	-0.242700521	1.543649008	-7.457542088	-1.174785772	-2.720425095	0.323764845	-4.704976788	-6.37328462	-0.4402729	-3.991105494	-1.684913154	-1.878440583
88	0.264070176	1.402254061	-7.196748232	-1.03020363	-3.046767137	1.235197855	-5.002262627	-6.178808886	-0.155997065	-3.971803565	-1.384044608	-1.151652748
89	0.122136785	1.615213893	-7.41769522	-1.352459742	-3.186325643	0.788349242	-5.02682791	-6.414056329	-0.741223305	-3.058615248	-1.551819279	-1.208495756
90	-0.174496011	1.905041016	-7.352403808	-1.079882442	-3.172454876	0.542495034	-4.945352368	-6.524850556	-0.790476589	-3.654674796	-1.687319159	-1.32212791
91	-0.298805777	2.007396351	-7.341723426	-0.587209256	-3.744240102	0.367572164	-5.062374484	-6.50349085	-0.512103163	-3.718015142	-1.546213791	-2.026958575
92	0.618262217	1.209446475	-7.238450271	-1.272466317	-3.287851142	1.230109516	-4.790870974	-6.161221275	-0.056600107	-4.404606242	-1.572460815	-1.688171125
93	0.396916141	0.928329519	-7.283449975	-0.66749647	-3.553556709	0.998475168	-4.427604922	-5.506402209	-0.587630488	-3.199329393	-1.576538119	-1.507043737
94	0.558286032	0.835426529	-7.213203659	-0.85671813	-3.285435487	1.286540373	-4.665533947	-6.213239533	-0.284745547	-3.207525823	-1.327654805	-1.889281661
95	0.984556178	1.169129169	-7.251920563	-1.128567662	-3.951096189	1.643240897	-4.370759269	-5.440803733	-0.707419267	-3.570809811	-1.17432078	-1.707480235
96	-0.229154607	1.260817454	-7.264807678	-0.592666173	-3.859123477	1.085315313	-4.525712819	-5.171782039	-0.40210257	-3.183264816	-1.650487762	-1.634379616
97	-0.011543837	2.517802886	-7.358691477	-0.668364888	-4.025398254	1.591995338	-4.442207397	-5.863429521	-0.321485294	-3.648746984	-1.272053284	-1.265772294
98	0.055964542	1.140427726	-7.212430497	-1.207618802	-4.187740172	1.474294797	-4.427872847	-5.797999526	-0.381538705	-2.849505971	-1.947633004	-1.547105713
99	-0.023337183	1.149320529	-7.439512089	-1.058527323	-4.702294823	1.223893668	-4.430262671	-5.631490232	-0.552118228	-3.977788258	-1.382986032	-0.894253758
100	-0.188661442	2.14922527	-7.453729477	-0.642425178	-5.269123239	1.536544558	-4.596923373	-5.696727179	-0.401611779	-2.825236257	-1.433178879	-1.695035891
101	-0.16090309	1.774727476	-7.191714319	-1.10857386	-4.220917319	1.402951643	-4.434914558	-5.244997982	-0.876796858	-2.961920988	-0.993866297	-0.89708795
102	-0.123078233	1.640020657	-7.545020248	-0.245181568	-5.715961136	1.516313254	-4.460637685	-5.667454774	-0.403318352	-3.216948173	-0.636104765	-1.596574906
103	0.055988918	1.075493621	-7.217386346	-0.652703858	-5.21899106	1.359226757	-4.403385803	-5.788798598	0.105041522	-3.830154724	-0.545282952	-0.41874575
104	0.247982838	0.827805818	-7.30549174	-0.580398993	-4.640188135	1.512044607	-4.379742785	-5.684702468	-0.106430347	-3.284575247	-1.634080034	-0.92593437
105	-0.08807024	2.25900217	-7.349691914	-0.57686494	-5.029370349	1.700870576	-4.555662118	-5.12444673	-0.840690596	-3.251816792	-0.967757617	-0.794527982
106	0.151563045	0.755056207	-7.339753383	-0.564221724	-5.238658534	1.464695431	-4.585195006	-5.288089091	-0.216574465	-2.633723122	-1.421283827	-1.379380929
107	0.347854036	0.627183546	-7.258833606	-0.271287815	-5.633342303	1.608409208	-4.605650391	-5.611636489	0.014165189	-3.171548253	-1.018800317	-1.425668945
108	0.204850441	0.013061124	-7.841529375	-0.210663973	-5.698256171	2.122155326	-4.416324784	-4.936800664	-0.212994895	-3.016770774	-0.965204141	-1.711369793
109	0.267098894	0.30584782	-7.571315959	-0.280088158	-6.081529359	1.706821769	-4.327770893	-4.915704028	-0.248812169	-2.793601131	-1.242381382	-0.850049645
110	0.184773303	-0.049474646	-7.299359828	-0.304028012	-6.555637864	1.889988095	-4.529051498	-5.366382024	-0.26264772	-2.09480022	-1.249847094	-1.455282405
111	0.407858629	0.051526109	-7.913174414	-0.172321492	-7.049587123	1.227019089	-4.590906983	-5.328098304	-0.533064246	-2.871198756	-0.595352146	-0.380773577
112	0.163533525	0.205410268	-8.001181731	0.375432854	-7.464721605	2.152590379	-4.46930176	-4.978386131	-0.001367631	-1.657874539	-0.055246703	-0.28752216
113	0.362127541	0.210088119	-7.942198247	-0.055792277	-6.501231852	1.961555578	-4.631637282	-5.010271234	-0.074027142	-2.663581475	-0.389267228	-0.479813411
114	0.557927982	0.325410477	-8.033395978	0.420276856	-8.013541729	1.982539849	-4.567836135	-5.168851452	-0.404152516	-2.410435474	-0.651039666	-1.508117382
115	0.262462856	0.258532571	-8.08274594	0.179985238	-8.1854042	2.364086284	-4.378210769	-4.80900537	-0.938737384	-1.606122191	-0.050302167	-0.455928753
116	0.418320555	0.259040118	-7.903421659	0.763200563	-8.780925961	2.210589784	-4.46347211	-4.983284177	-0.619206232	-1.988827583	-1.181520657	-1.466447801
117	0.882496292	-0.189891754	-6.719219364	0.399577887	-8.58940079	2.389740217	-4.460979821	-5.044467223	-0.866197586	-1.582321607	-0.758146872	-1.333734495
118	0.842451121	-0.13045529	-6.635135125	0.661610566	-8.997961704	2.056565851	-4.507697501	-5.257152299	-0.258959559	-2.385454498	-1.202326047	-0.995288554
119	0.707624709	-0.141670432	-6.898130363	1.201285565	-9.065695654	2.465537433	-4.475992695	-4.708255994	-0.697860096	-1.265254653	-1.060413723	-0.93040741
120	0.413148616	-0.009795939	-7.433517898	1.488437927	-8.966550647	2.969183284	-4.281969723	-4.23146382	-0.310400203	-1.49628578	-0.112612695	-0.613569153
121	0.296471823	-0.159553541	-6.730540812	1.096375434	-9.534147579	2.687350048	-4.514475356	-4.393471213	0.021132504	-2.188979774	-0.781054525	-0.819825394
122	0.259599332	0.064856167	-7.96818827	1.149311983	-9.760887596	2.884587912	-4.541608753	-4.560532093	-0.330827112	-1.721335851	0.015018575	-1.370771192
123	0.509145917	-0.376233324	-7.923687433	1.510955476	-9.99297279	3.06790971	-4.380389532	-4.30569632	-0.095434864	-1.209855085	-0.691981842	-0.414032844
124	0.470632566	-0.681465085	-7.200224356	2.090511339	-10.31666147	3.287287191	-4.392835455	-4.233177751	0.204528014	-1.699176501	-0.463434943	0.110137952
125	0.512840697	-0.48528747	-7.504919043	2.108496056	-10.22795371	3.203163317	-4.000087574	-4.876694036	-0.530986372	-1.576866251	-0.692590454	-0.026582616
126	0.219214359	-0.481663219	-7.455490656	1.453804238	-10.98185862	3.537795593	-4.195943542	-4.810682246	0.150769705	-1.500865213	-0.380673275	-0.336705261
127	0.382133492	-0.615582271	-7.600415535	2.261708518	-11.13533129	3.560103466	-4.090843536	-4.685079507	-0.170114629	-0.254908357	-1.063529172	-0.07982058
128	0.680867566	-0.731403072	-8.109205263	2.153017226	-11.33326502	3.359933661	-4.186511268	-4.55442027	-0.398368024	-0.798846289	-1.035074195	-0.422604375
129	0.226406491	-0.820065947	-7.368211281	2.411831214	-11.28090739	3.737859613	-4.032905867	-4.379134242	-0.622401757	-0.490142089	-0.261320827	-0.460027375
130	0.450357201	-1.10958402	-7.751174967	2.292974932	-11.21376968	3.776156102	-3.901951	-3.675056956	-0.416492929	-0.832966209	-0.917925472	0.114520657
131	0.696688733	-0.944873261	-8.013071749	2.515531569	-11.83904155	3.673806653	-4.027117934	-4.462967021	-0.383137448	-0.795891463	-0.217767987	-0.484677262
132	0.549472242	-0.957802238	-7.509075604	3.325076387	-12.07068403	3.76555519	-3.726140143	-3.600860031	-0.095123417	-0.08045693	-0.467389668	0.191649893
133	0.689088167	-1.054689185	-8.408712074	3.151897828	-11.94767648	4.031339497	-3.686363517	-3.824705125	-0.534764201	-0.107023978	0.042393159	-1.198386427
134	0.278731097	-1.295123652	-8.250539888	3.782395673	-12.39185084	3.975049935	-3.57987613	-3.761017882	-0.30400398	0.29709469	-1.24451706	0.071223177
135	0.359953046	-1.459845793	-8.410861361	3.882463447	-12.36914027	4.511753813	-3.625615564	-3.83824419	-0.357821204	-0.498569371	-0.493810778	-0.01042992
136	0.700922549	-1.308195427	-8.338913177	3.154022018	-12.73150274	4.598327005	-3.699474923	-3.777739152	-0.214333167	0.11640675	-1.066964421	0.185756378
137	0.631158354	-1.418287582	-8.675385299	3.708976124	-12.67510457	5.034910066	-3.802316233	-3.325218582	-0.047467154	0.082892464	-0.836850601	-0.712244855
138	0.821122693	-1.366121912	-8.368662692	3.70101887	-12.75308985	5.018543006	-3.529714193	-4.184639451	-0.698126502	0.484922324	-0.975722767	0.092011158
139	1.375531623	-1.511838468	-7.631453203	3.827482642	-13.8727943	4.827777343	-3.524795064	-4.220445686	-0.901535432	0.602483382	-1.1604182	0.068398835
140	1.392559692	-1.651882524	-8.572881834	4.581322865	-13.77967212	4.949098396	-3.563640271	-4.201525788	-0.454982945	0.473508727	-0.971936033	-0.746238775
141	1.202154881	-1.163081969	-7.782695693	4.710268671	-13.50611672	5.281158826	-3.659503478	-4.149034513	-0.197729402	0.349569131	-1.013774013	-0.748315187
142	1.331740592	-1.692417166	-8.494145104	4.776937153	-13.90876158	5.559947864	-3.479663431	-3.717079702	0.095032914	-0.272527432	-0.76200074	-0.618118043
143	1.133314167	-1.866733247	-9.530715097	5.305063755	-14.05002727	5.470309532	-3.748273407	-3.421257925	-0.610414883	0.596098129	-0.938972879	0.038151535
144	0.541428551	-1.686420415	-8.997678344	4.942442598	-14.14994145	5.97950492	-3.67392196	-3.216075221	-0.433517628	0.87495538	-0.987160766	0.117124072
145	0.658672953	-1.646731277	-8.831772718	4.865667591	-14.46033397	5.66705232	-3.609095853	-3.754597348	-0.190311907	0.840268497	-0.939840578	-0.199368081
146	0.601525343	-1.784487755	-8.754493964	5.760498161	-14.44655374	5.985526499	-3.447206342	-3.09904631	-0.588863488	0.233403454	-0.989378775	0.741443811
147	0.757265935	-1.901430071	-8.689698405	6.224639696	-14.53780488	6.10878758	-3.583097722	-3.181368392	-0.26438961	0.732361586	-1.027366273	0.636959138
148	0.681894405	-1.910826331	-9.028527565	6.344141252	-14.46403961	5.888200411	-3.50576621	-3.491227128	-0.685592693	0.949747158	-1.210648827	0.768476083
149	0.56447483	-1.671261061	-9.631859973	5.977727492	-14.80294521	6.368037856	-3.627842227	-3.940922581	-0.161604868	0.560282192	-1.027239691	-0.232161626
150	0.850233594	-1.686107194	-9.068553949	6.17908835	-14.79200866	6.537624632	-3.523856423	-3.184598635	0.05921985	0.104125075	-0.784017319	0.337881886
151	0.630347681	-2.331920082	-9.896660347	6.508424459	-15.31558352	6.237674165	-3.611862969	-3.289688445	-0.304990655	0.504787656	-0.962768842	0.613919076
152	1.313997248	-2.339892816	-9.275430421	6.720291243	-15.34567876	6.890303941	-3.445265784	-3.389551818	-0.702121356	1.359107867	-1.256024439	0.117623012
153	1.374597848	-2.125626822	-9.591138782	6.777148322	-15.10219997	6.854076953	-3.496798845	-3.674667895	0.201280874	0.271999169	-1.001961177	-0.288522143
154	1.47053844	-2.465963498	-10.14919425	7.752145474	-15.3333188	7.129037049	-3.560383782	-3.325968041	-0.371267973	1.320294758	-1.046720589	0.483954033
155	1.284115406	-2.706912907	-9.978687222	7.319222638	-15.04655119	7.227238312	-3.496362725	-3.57575152	-0.093447737	0.981381221	-0.943725766	-0.099638045
156	1.287388726	-2.446760609	-9.821288117	7.324670314	-15.46521706	7.24194108	-3.423754637	-3.51595555	-0.085940399	1.451131423	-0.953315706	-0.08715198
157	1.591074234	-2.557711514	-9.428348098	7.793282582	-15.55256302	7.525830475	-3.453679034	-3.770088677	0.398768228	0.179987268	-0.855518189	-0.212161616
158	1.080235045	-2.610547153	-9.471691096	7.877107253	-15.31502617	7.885970895	-3.573175736	-3.310533455	0.128615705	0.243535804	-1.004532299	0.559263344
159	1.286234271	-2.552822918	-10.02827835	8.42358516	-15.4131999	7.649031832	-3.560505322	-3.299339432	0.659183125	0.329212657	-0.88983316	0.004862539
160	1.456687473	-2.579219704	-10.65013801	8.264931621	-15.53080995	7.526244602	-3.581822041	-3.179689124	0.376637519	-0.071409144	-0.488720205	0.09522722
161	1.232217956	-2.484440751	-10.46517489	8.881497353	-15.24963264	8.240329638	-3.724976739	-3.193366706	0.344980944	0.345686584	-1.012194073	0.006270005
162	1.372367323	-2.685009861	-10.58036607	8.889687414	-15.35433947	8.105805786	-3.432706893	-2.990440664	0.302887321	0.010102407	-0.915385984	0.391829817
163	1.286658335	-2.442344601	-10.46935134	8.859976411	-15.26456078	8.077664313	-3.552866644	-3.263347927	0.470798559	0.012492183	-0.840205878	0.199183816
164	1.389939444	-2.536334869	-10.54591518	9.46308572	-15.37553828	8.504280723	-3.5283228	-4.408712654	0.305397364	0.24529636	-0.904785255	0.892777676
165	1.486654976	-2.480424788	-10.61549772	9.602685562	-15.52752832	8.410743325	-3.685780413	-3.611564367	0.393856897	0.316270192	-1.108882276	0.464055357
166	1.732774849	-2.579228172	-10.56077658	9.950658311	-15.60340955	8.477594688	-3.765278848	-3.551966543	0.233795632	0.222202814	-1.029208308	-0.024719978
167	0.880059563	-2.571012227	-11.54794647	10.04094176	-15.43368483	8.909753923	-3.63459273	-3.840416124	0.623852306	0.143746948	-0.932600511	0.453133706
168	0.784093764	-2.436551243	-11.04648545	10.21056608	-15.53963883	8.86717653	-3.478835144	-4.001904283	0.253065197	0.133722773	-1.230674478	0.344961427
169	0.410810405	-2.422810061	-10.7645222	10.24407533	-15.51854349	8.856276792	-3.7034371	-3.471427792	0.123651751	0.490858206	-0.950982821	0.586687654
170	0.667878112	-2.456246183	-10.57716366	10.63928451	-15.30770969	8.985417493	-3.544324125	-4.01461854	-0.202412015	0.449427258	-1.058078797	1.007642148
171	0.487835249	-2.629162785	-12.02709395	10.58969396	-15.25236578	9.226516643	-3.706474228	-3.638808039	0.35583418	0.338375268	-1.132677986	0.524909422
172	0.388171889	-2.630627406	-11.06020711	10.55742801	-15.56836005	9.079295056	-4.05632182	-4.327731484	0.051265731	-0.100590302	-0.204806898	0.401413017
173	0.294332428	-2.344266589	-12.4369232	11.12850307	-15.36533168	9.421532744	-3.776742594	-3.601045784	0.583169506	0.158948948	-1.059887378	0.657315225
174	0.478568151	-2.616865547	-12.38429464	11.18107256	-15.43898926	9.271041717	-3.811015595	-4.23819742	-0.4225179	0.682956564	-0.947145467	0.695412074
175	0.480479867	-2.819522641	-11.51558786	11.64372364	-15.37461086	9.382891803	-3.825011776	-3.500191629	0.091202427	-0.110828874	-0.694251203	0.553991118
176	0.644408254	-2.409607311	-11.51613906	11.94528682	-15.38941656	9.70010876	-4.476719233	-3.632462301	-0.031783234	1.652904053	-0.958486198	0.205057577
177	0.361902538	-2.775695529	-12.06072594	11.74002062	-15.20227946	9.870906631	-4.446164059	-4.369729122	0.214547691	0.229217174	-0.905032976	-0.071523431
178	0.573586945	-2.438424044	-11.90595772	11.85872652	-15.38447464	9.74720337	-4.398973165	-4.340552269	-0.307295818	0.710301509	-0.961752112	1.116089301
179	0.722225477	-2.540252255	-12.64341866	11.84077298	-15.41950316	9.873398544	-4.069621215	-4.772189816	0.181236911	0.332700501	-0.858623651	0.434751603
180	0.460128772	-2.588439571	-11.99109622	11.69674601	-15.32347747	9.880391939	-4.264674775	-4.562516915	0.128326072	-0.005376863	0.201032334	-0.280393793
181	0.685317666	-2.374804053	-12.43144683	12.13163219	-15.66639882	9.72390205	-4.077213886	-3.891664765	0.269040332	0.039833091	-1.055680122	0.443968042
182	0.655785105	-2.732333179	-13.12717921	12.16085184	-15.48991909	10.13458317	-4.302465168	-4.180484192	-0.209624727	1.406612892	-1.409670606	0.410666641
183	0.73254152	-2.652451369	-12.59984803	12.00354332	-15.5778339	10.04790247	-4.147798471	-3.811380099	0.149605663	0.416347349	-1.357141307	-0.145209602
184	1.171143166	-2.475637934	-12.10888892	12.49172439	-15.20835152	10.24354732	-3.948142553	-4.071577398	0.047608294	0.026626846	-1.263356928	1.100999351
185	1.111049876	-2.747156792	-12.8316927	12.84381818	-15.07594621	10.51116357	-4.339435303	-4.13939435	-0.058200196	1.354847183	-1.325320869	0.999223752
186	0.513317883	-2.731274511	-13.34287018	12.87693349	-15.09686068	10.64908697	-4.096310263	-4.710395097	0.52859247	0.312448246	-1.379966593	1.383989204
187	0.548899796	-2.535603379	-13.80152422	12.89429039	-15.24176481	10.33829415	-4.0572958	-5.077032083	0.558171715	0.32103935	-1.257002246	0.540655745
188	0.914923615	-2.419360673	-13.73236745	13.2005352	-14.82540682	10.43990228	-4.31272036	-5.205167364	0.379681656	0.075783559	-1.412449569	1.013480494
189	0.94618356	-2.629002202	-13.13683119	12.61256181	-15.17542685	10.25484082	-4.216379616	-4.855777454	0.366694699	0.42193167	-1.380264564	0.502876948
190	1.038771094	-2.291339741	-13.55645837	13.07586842	-15.11084766	10.40479134	-4.081913424	-5.24393252	-0.082595851	0.997142072	-1.386734927	1.426550065
191	0.554278164	-2.508059538	-14.30094291	13.35949713	-15.08187947	10.63682196	-4.414731713	-5.088941266	-0.230359356	1.244749058	-1.371682019	1.111770342
192	0.248794492	-2.685027796	-13.89003223	13.43027024	-14.78654439	11.02033425	-3.841820691	-5.104431298	-0.122226241	1.338341333	-1.213210069	0.994342031
193	0.216147438	-2.645872977	-13.82067107	13.38915401	-15.17826011	11.08144175	-4.098288494	-4.873582914	0.513040425	0.228206012	-1.355420954	0.638971109
194	0.385550283	-2.659593445	-13.81125299	13.4728122	-14.77303366	10.94250563	-3.941247501	-4.711717745	0.396542574	0.228152478	-1.18578106	0.477216209
195	0.391216579	-2.332740408	-14.21997076	13.39733946	-15.14795156	11.02759761	-4.337919708	-5.336830436	-0.182742186	1.364063994	-1.396257308	0.690193467
196	0.290908193	-2.48666144	-14.23466746	13.18762049	-15.04891072	10.90789787	-4.582003799	-5.289641384	-0.123749737	1.484027278	-1.253198352	1.293035594
197	0.289475924	-2.427735229	-14.18518518	13.62907313	-14.94943261	10.88128041	-4.886974586	-5.233585905	0.033366485	0.0515989	-1.637259675	0.639918582
198	0.466139824	-2.755149988	-14.47003251	13.93471414	-14.46312438	10.83801625	-4.642383891	-5.105644316	-0.413782204	1.282227824	-1.771128437	0.724321369
199	0.617652294	-2.665985054	-14.94344968	13.66673827	-14.45282478	11.50220358	-4.879399695	-5.262759324	-0.086926494	0.472444438	-1.781397897	0.965524836
200	-0.059186608	-2.430597461	-14.68485355	13.49462696	-14.59854102	11.42728113	-4.460512979	-5.204694713	-0.425877555	0.76435545	-1.636287056	1.008926861
201	0.139220033	-2.835835336	-14.81268212	13.97477382	-14.06054484	11.62609222	-4.584270669	-5.18606328	0.196034795	-0.025279825	-0.776278662	1.588904664
202	0.24064803	-2.682934514	-14.83064815	14.29841266	-13.98247337	11.26751659	-4.806138005	-5.399694738	-0.121961311	0.758568807	-1.797221926	1.096282514
203	0.161979837	-2.601061138	-14.75924359	14.05139957	-14.39420304	11.51077116	-4.807478265	-5.261496359	0.335021433	-0.052290588	-1.275201765	1.17387121
204	0.309161373	-2.662463974	-15.26131101	14.0946225	-13.99825467	11.3906352	-4.506816537	-5.799817076	-0.005672209	1.183571647	-2.182802347	0.758725226
205	0.326461081	-2.855888571	-15.27429392	14.04515183	-14.03187751	11.62507662	-4.718989817	-5.722730255	-0.266159668	0.255111173	-2.258290124	1.191214792
206	0.130818744	-2.746170359	-15.76257763	14.31710483	-14.02103325	11.8870043	-4.667993279	-5.003318482	0.684849834	-0.051992136	-1.807877303	0.961403525
207	0.389083053	-2.459726387	-15.07092222	14.63253417	-14.05222162	11.68238088	-4.740940807	-5.303819814	0.099823825	-0.134321611	-1.212325937	0.8233893
208	0.315369406	-2.572496298	-15.27745841	14.62329559	-14.20852388	11.54311515	-4.681124071	-5.261016496	-0.062553767	1.027643909	-2.14423407	0.876166034
209	0.416437584	-2.608914575	-15.05222446	14.49103612	-13.73919045	11.72911729	-4.900720635	-5.561762734	0.354739518	-0.156318044	-0.981923076	1.201127519
210	0.152988326	-2.672204657	-16.26132724	14.2759454	-13.76817185	11.5440937	-5.030479313	-5.634361204	-0.36712407	0.725224569	-2.271267724	0.436489509
211	0.180069242	-2.891086086	-15.58810302	14.6919254	-13.84372535	11.70438799	-4.815751212	-5.678028829	-0.053117341	0.18782474	-2.286956741	0.911521733
212	0.830817555	-2.102315877	-16.62479366	14.43525776	-13.5266338	11.56122789	-5.171797434	-6.171816445	0.521144466	-0.068499577	-1.489667291	0.819852877
213	0.978826093	-2.24167283	-16.1403712	14.2846481	-14.06820125	11.98768361	-4.762633623	-5.997694574	-0.201273515	0.57925411	-2.070805506	0.616358422
214	1.041709063	-2.134516671	-16.68579173	14.32947206	-13.76368998	11.99819862	-4.959147842	-6.208312053	-0.110592239	0.797233076	-2.307043802	0.680213153
215	0.803074244	-2.216334086	-16.74959349	14.27827069	-13.57118339	12.072818	-5.022207562	-6.14406564	-0.376811348	1.266342468	-2.393208243	0.873924022
216	-0.175197622	-1.285853502	-17.03496684	14.71810795	-13.66883584	12.10529376	-5.124578389	-5.896787299	-0.405207103	0.702042106	-2.128244654	0.456131845
217	-0.166500309	-0.854672645	-16.84430263	14.83473281	-13.51995946	12.16221924	-4.860238073	-6.557357636	-0.024330753	0.364777449	-2.474638398	1.400075183
218	-0.097586201	-2.057622518	-17.30392211	14.86299634	-13.78274564	12.34569407	-5.172207211	-6.410973912	0.084168367	-0.041546453	-1.776836495	0.917694581
219	-0.172682588	-0.75558692	-16.52304968	14.88146418	-13.02010453	12.199586	-5.292197889	-6.408849205	0.177750955	-0.051786228	-1.321301518	1.469412482
220	0.050757175	-1.829339353	-16.19280135	15.04667054	-13.24295098	12.17260175	-4.997630468	-6.748852691	0.266437739	-0.154010672	-2.084676969	1.77525336
221	0.040721116	-1.540212417	-17.63487675	15.00283454	-12.92635062	12.26163065	-5.298403196	-6.985073248	-0.050384692	0.729118117	-2.803628923	0.75649566
222	0.072927698	-1.813046988	-17.96648267	14.91594808	-13.32013611	12.10862387	-5.581814424	-6.881262318	-0.383096968	-0.086088378	-1.98295671	0.76940058
223	0.020471198	-1.749357621	-17.53534353	14.79297967	-13.47846745	12.62998691	-5.225450172	-6.378339139	-0.014210801	0.665529605	-2.616824974	1.331038148
224	-0.493527867	-1.220537794	-18.01015455	14.82196451	-13.30488239	12.48823669	-5.341971048	-6.607374376	0.03388235	-0.378852671	-1.4864056	1.258547943
225	-0.06785014	-0.65335481	-17.27406083	14.87009227	-12.59733388	12.71119408	-5.769986822	-6.279323302	0.451678862	-0.178877753	-2.242146972	1.24316503
226	-0.011382993	-0.670745573	-17.37358278	14.9124407	-12.51876849	12.45154214	-5.085292537	-6.741403969	-0.094679835	0.706298316	-2.772648403	1.532558509
227	-0.398520471	-1.46914541	-17.87600694	14.90767022	-12.98624897	12.84568756	-5.27778243	-7.263685674	-0.291179252	0.002113346	-2.686209709	1.56723644
228	-0.094090988	-0.786113366	-17.43776927	15.19917504	-12.45196545	12.78170664	-5.881799278	-7.333750689	-0.212507243	0.105580383	-2.603007478	1.037313157
229	-0.246248736	-1.370071891	-18.49879773	15.14354363	-12.53005725	12.39522795	-5.465090439	-7.363735526	-0.052484086	-0.279613643	-1.532910966	1.062230823
230	-0.329611753	-0.776326586	-17.78824656	15.0694648	-12.3242243	12.40278641	-5.941819757	-6.826284712	0.037707628	-0.738356381	-2.326479422	1.656360042
231	-0.168713212	-0.693380641	-18.1492937	15.17826595	-12.67967213	12.67924938	-6.047285293	-7.530210798	0.183381543	-0.476157536	-2.066015504	1.503342327
232	-0.191607076	-0.430407994	-17.72579415	15.509039	-12.41121051	12.86365176	-5.471003644	-7.33734309	0.385607075	-1.234191642	-2.642399382	1.654340427
233	0.421009489	-1.741986105	-17.96847915	15.64642264	-12.11378833	13.10738566	-5.602096205	-7.119451498	0.201611859	-1.109087633	-2.363831954	1.694787767
234	0.174641129	-1.904873186	-19.1430145	15.39826148	-12.65147949	12.74988685	-6.098031137	-7.935534193	-0.084943714	-0.593345494	-1.89785417	0.713995634
235	0.386893864	-1.755906675	-18.23297489	15.45727921	-12.55733422	13.23886123	-5.609196284	-8.078507733	-0.214441128	-0.147459075	-2.036452666	1.559494019
236	2.237995764	-1.516664548	-18.21762939	15.44153399	-11.69549158	13.28838408	-5.445404604	-7.716828868	0.050591187	-1.033430509	-2.807276849	1.722587197
237	-0.284007353	-0.604310943	-18.95528145	15.67305206	-12.45664486	13.63884787	-5.448137753	-7.330006366	0.211343303	-0.871556985	-3.032610594	1.358698686
238	0.850500178	-1.730567124	-19.06866134	15.51506416	-12.37888511	13.44886775	-5.411082516	-8.019975514	-0.526883354	-0.391795034	-2.52687566	1.607587696
239	0.736302064	-1.635345597	-18.93431008	15.67087658	-12.138695	13.37263203	-5.429200355	-8.207228151	-0.198537136	0.354199316	-3.342140001	1.057747916
240	-0.653179857	-0.495343785	-19.01084788	15.44476651	-11.86229524	13.33166818	-5.66221263	-8.31192955	-0.012031501	-0.37039271	-2.187783752	0.720964836
241	-0.955658632	-0.45137186	-19.39341873	15.66499386	-11.6819877	13.4206828	-5.654723531	-8.310496799	-0.036803979	-0.129639653	-2.978817079	1.602696098
242	-1.006758839	-0.856491747	-19.73092267	15.37642916	-12.017432	13.41689436	-5.745946696	-8.003508419	0.267374147	-0.738421917	-2.027321769	1.759094012
243	-0.792741302	-0.95964896	-19.95095872	15.63347378	-12.17539315	13.10734272	-5.787055752	-7.76293703	0.384555111	-0.805885749	-2.364759483	1.343833354
244	-1.329457066	-0.524396674	-20.13887067	15.36779378	-12.14311536	13.36316529	-5.630885986	-8.430539289	-0.171169809	-0.408455014	-2.754199471	1.006846111
245	-1.067956679	-0.638126241	-19.04029163	15.39576288	-12.36657441	13.33709077	-5.77478829	-7.742656663	-0.253110181	-0.308499272	-2.271578869	0.825179989
246	-1.282363787	-0.343440283	-19.7053848	15.43787711	-12.30899715	13.41583725	-6.021410768	-7.972771395	0.354158686	-0.954253383	-2.742163423	1.33049567
247	-1.099795238	-0.915083311	-19.1244175	15.3871928	-11.95264918	13.58989733	-5.68705007	-7.983973549	-0.209966986	-0.659227756	-2.424408129	1.30522319
248	-1.043179382	-0.53675801	-19.357131	15.65734579	-12.20798123	13.06517994	-5.685942991	-8.231965236	-0.360946577	-0.736567467	-2.301775622	0.831981115
249	-1.220967772	-0.342402027	-19.27767017	15.60511347	-12.39069165	13.21563588	-6.083761316	-7.88429109	-0.108524927	-0.5323192	-2.627217353	1.782476179
250	-1.098240328	-0.374764181	-19.71519455	15.50887928	-11.81791867	13.12206731	-5.736009333	-7.53922669	-0.312286698	0.24564095	-3.348368188	1.654394901
251	-0.891307897	-0.86131551	-19.02110521	15.41663078	-11.98487026	13.42065847	-5.57401569	-7.644641699	-0.212032896	0.32104985	-3.29680471	1.474655756
252	-0.764325145	-0.214113014	-19.83031649	15.40929727	-12.0082114	13.0623826	-5.652230383	-8.444885348	0.100987624	-0.859652288	-1.938283212	1.977946276
253	-0.683582512	-1.066847398	-19.50347504	15.53799868	-11.73851743	13.59843798	-5.755821191	-7.65636055	0.280611764	-1.165199496	-1.921359016	0.996636608
254	-1.219509965	-0.335413364	-19.75066561	15.57111625	-11.89254208	13.41735544	-5.594814649	-8.107380954	0.058988651	-1.092818642	-2.083198645	0.718732114
255	-0.861301097	-0.880441584	-19.18233781	15.59390535	-11.80757216	13.47586981	-5.841065749	-7.861681499	-0.15004377	-0.476951752	-2.384836929	1.45003132
256	-0.968825073	-0.823613122	-19.05864	15.41901603	-12.53613957	13.34542841	-5.691137182	-8.195561106	-0.326756866	0.110808994	-3.250535514	1.218274711