t	X1	Y1	X2	Y2	X3	Y3	X4	Y4	X5	Y5	X6	Y6
1	1.006982508	-0.369778807	-0.035415132	0.278982496	0.260663788	0.558404356	0.515232644	-1.569164355	-0.799725262	-1.231717819	0.670558151	-1.461159792
2	1.104273291	-0.327560265	0.05403897	-0.668808018	1.440829449	0.462040411	0.492943375	-1.51228273	-1.072201643	-1.350268333	0.822005428	-1.260581735
3	0.960946056	-0.563301285	0.186461327	-0.791515139	0.740350318	0.520123576	0.635018983	-1.478647409	-0.373400995	-1.776124065	-0.022048465	-0.591578605
4	1.000416753	-0.289077068	0.936401787	-0.896186839	1.338575385	0.70040523	0.640895561	-1.263631762	-0.269208515	-0.951982013	0.232306089	-1.139517677
5	1.018100852	-0.694191113	0.325794847	-0.671167385	0.598864609	0.598649918	0.145290764	-1.734951511	-0.689667899	-1.915446318	0.434882714	-1.331329754
6	0.878050241	-0.590800073	-0.179079593	0.090183781	0.366207003	0.330956499	0.021184467	-1.483920969	-0.149240477	-1.583239976	-0.342100178	-0.974246343
7	0.94249724	-0.531718232	-0.451591802	0.125053687	0.14953149	0.703250805	0.119269275	-1.925465733	-1.104908323	-1.105085709	0.900908152	-1.293254043
8	0.703848969	-0.290253401	-0.650687406	-0.568499108	0.173488499	0.215176673	0.249435495	-1.64084749	-1.116501894	-1.547743688	0.458256181	-1.37411466
9	0.924401927	-0.170905051	-0.032841972	0.224077111	0.335774196	0.63174733	-0.081258095	-1.004205319	-0.672663486	-1.851950451	0.492694107	-1.415808959
10	0.404217596	-0.097924095	-1.146892046	0.432079815	0.235637934	0.668221658	-0.15470092	-1.527255075	-0.529564347	-1.411064019	0.652981209	-1.174319032
11	0.773514269	-0.063390765	-0.956263645	-0.236488023	0.106250368	0.539249986	-0.135179184	-0.844542424	-0.741761024	-1.095399946	0.251021542	-1.185553924
12	0.519075348	-0.036604108	-1.858302639	-0.645317332	0.276422213	0.587020449	-0.388090053	-0.686889104	-1.098844571	-1.513641008	0.37438141	-1.309944324
13	0.490382092	-0.367537399	-1.966253328	-0.14972372	0.604168346	0.365775187	-0.39504511	-1.05361443	-1.09460793	-1.14217646	0.017937992	-1.281872915
14	0.596595913	-0.302495565	-1.904614679	-0.142058461	0.730382364	0.322010993	-0.314141554	-1.922177717	-0.779967898	-1.288145049	0.488169865	-1.342966893
15	0.49996448	-0.035321233	-2.420330917	0.037591293	-0.10812724	0.955341492	-0.335181765	-0.949950218	-0.602005972	-1.797531479	0.40784266	-1.329207239
16	0.57049062	-0.360439371	-2.264512688	-0.543287172	0.51534031	0.353657474	-0.598601136	-1.901853727	-0.242066214	-1.268410255	-0.062525124	-1.004470921
17	0.758163645	-0.372586269	-2.785493916	0.376237893	-0.124767107	0.862742368	-0.669298632	-1.557272109	-0.644687915	-1.006245491	0.197848113	-1.162677535
18	0.243598156	-0.091383475	-2.807325564	0.332614239	-0.151257485	0.913217725	-0.737613333	-1.772173237	-0.192630452	-1.409659843	-0.525652438	-0.233004876
19	0.165962096	-0.059131842	-2.342207368	0.244024975	-0.106045085	1.705788849	-0.712545629	-1.067513531	-0.697649266	-2.030746472	-0.53662485	-1.306195852
20	0.49477286	-0.02545609	-2.356201787	-0.077672507	0.193197828	0.62806959	-1.026691618	-1.781910222	-1.201909969	-1.693246667	-0.404675261	-1.042437679
21	-0.066451088	1.1505107	-3.593952241	-0.5198848	0.954759584	0.624122883	-0.942082987	-1.957087583	-1.142530097	-1.550591611	-0.025425087	-0.841667696
22	0.67940059	0.144868794	-3.575776911	-0.661512755	0.755116665	0.396386295	-1.089579839	-1.348111832	-0.857156757	-1.507170191	0.244615395	-1.257209854
23	-0.15655792	0.712593294	-3.950174847	-0.021189791	0.260169858	0.434900967	-1.152605684	-1.923389464	-0.726584286	-1.960984021	-0.393605783	-0.104376954
24	-0.387146689	0.656322832	-4.117222448	-0.585468779	0.98314318	0.554354591	-1.463353843	-1.370508648	-0.440654313	-2.66822209	-0.126181363	-0.436402446
25	-0.673010678	0.837041177	-4.067523252	-0.036151054	0.683185978	0.588502941	-1.566661998	-2.128870727	-0.38003841	-2.113043669	-0.358396378	-0.124447494
26	-1.011070073	0.749793089	-4.485660471	-0.58546612	0.674321484	0.213684675	-1.126187558	-1.852491052	-1.13846386	-2.583486079	-0.580791922	-0.322291441
27	-0.798487674	0.316602729	-4.510838981	-0.49667241	0.390871688	0.361923422	-1.461344142	-2.100801469	-0.272481028	-2.201193261	0.278634954	-1.523688978
28	-1.125780287	1.21248516	-4.827764248	-0.192843729	0.034313999	0.067540257	-1.565361056	-2.621836762	-1.085446871	-2.450243736	-0.009046645	-0.950123462
29	-0.984268481	1.572089871	-4.657920637	-0.135507668	0.500980038	0.372149287	-1.322480961	-2.411055422	-0.516870867	-1.845989333	0.032904059	-1.44073816
30	-1.002911014	0.221279884	-4.492325742	-0.63001043	0.823653796	0.215126996	-2.006062469	-2.862517513	-0.680503733	-2.36132351	-0.1918183	-0.095390224
31	-0.937750269	0.439144275	-5.021820145	-0.820140883	0.854825897	0.308925366	-1.917142641	-2.002061084	-0.474753958	-2.68462752	-0.894947348	-0.643097751
32	-0.806792207	0.324183011	-5.081572931	-0.382937103	0.771702177	0.014418551	-1.717916155	-3.14177212	-0.510148219	-1.578835771	0.211729962	-1.599062298
33	-1.038266195	1.489512091	-4.734719264	-1.022153952	0.607311203	0.177331053	-1.465502491	-3.006870558	-0.36698932	-2.132623582	-0.13614805	-1.39684777
34	-0.582134404	0.75676247	-4.885318775	-0.622772321	0.099032713	0.260531766	-1.889831831	-2.951460653	-0.63590849	-2.114602236	-0.38056421	-0.078827865
35	-0.486826621	1.354103045	-5.156163258	-0.500369767	0.541728843	0.125047375	-1.774137195	-2.790392867	-0.306228788	-2.793411778	-0.477266301	-1.121967643
36	-0.692053879	1.434136248	-5.324323431	-0.917258799	0.422270568	0.250880482	-2.189065783	-2.621166927	-0.872717222	-2.262124567	-0.759330872	-0.5099362
37	-0.808448301	1.466780429	-5.516728602	-0.165599078	0.20147967	0.399139212	-2.154686741	-2.581306233	-0.634013136	-2.834077503	-0.663922982	-0.364249223
38	-0.616629986	1.232467423	-5.496477094	-0.731195196	0.488369198	0.138485585	-2.240939388	-2.677946757	-0.288418476	-2.583394958	-0.555893836	-0.498981588
39	-0.342188002	1.304027101	-5.375649555	-0.492795857	0.09200706	0.258320983	-2.100795359	-2.857350873	-0.347798185	-2.846414714	-0.668807095	-0.718076935
40	-0.743940831	1.638020792	-5.443040947	-0.212520433	-0.034316114	1.12416961	-1.842260279	-3.497911343	-0.745722105	-2.431472059	-0.634491362	-1.008783418
41	-0.906362529	2.342239496	-5.418422045	-0.797060449	0.161749639	0.241186402	-2.385603249	-3.425108177	-0.059939781	-2.260813897	-0.36017509	-0.646357042
42	-0.856890647	1.864799344	-5.731501858	-0.651671051	-0.652972741	1.387418809	-2.294172436	-2.916746057	-0.428077955	-2.688117073	0.055385986	-1.624113224
43	-0.015557889	1.289250717	-5.846532086	-0.675015243	-0.965586362	1.094840074	-2.252359465	-2.452670156	-0.527815906	-2.196157658	-0.111726248	-0.778424348
44	-0.198691812	2.050108568	-5.835616795	0.012508595	-1.218705652	1.480693459	-2.723314629	-3.602056516	-0.196746634	-2.975414737	-0.133985622	-0.591818793
45	-0.735517923	1.194067029	-6.023306934	-0.671125797	-0.281742974	0.669686013	-2.786025658	-3.705145439	-0.211541647	-3.190300332	-0.049596933	-0.973406566
46	-0.118418696	1.837992681	-5.887710188	-0.726778012	-0.800460398	1.231117578	-2.521822811	-3.271863988	-0.062377674	-2.602197839	-0.034252451	-1.308586918
47	-0.715726655	1.771592517	-5.624457423	-0.351659089	-0.056375686	0.562740916	-2.64706023	-2.809632207	-0.605660566	-3.284695246	-0.420635531	-0.264820872
48	-1.27407183	1.881839109	-5.913573843	-0.888769082	-0.017892726	0.850587159	-2.690922202	-3.902986994	-0.753178422	-2.602893637	-0.532165243	-0.498191425
49	-1.122366157	1.547260568	-6.038301781	-0.618058708	0.156458343	0.254182231	-2.401814271	-3.097147537	-0.819164914	-3.151022266	-0.548939704	-1.507191812
50	-0.857510053	1.903085244	-5.787213038	-0.218714133	0.291093496	0.147511056	-2.737161759	-3.055335282	-0.885157474	-3.226841018	-0.691577652	-1.196415252
51	-1.201521829	1.224219915	-6.218512711	-1.106476497	-0.262758761	0.718068304	-2.854928615	-2.989230826	-0.627800267	-2.562434887	-0.973474007	-1.150919561
52	-0.887128574	2.099447189	-6.23453638	-0.659738739	-0.286594295	0.724138336	-2.763632529	-3.94130136	-0.268062437	-2.950555857	-0.883245691	-0.415111395
53	-1.016800603	1.95578413	-6.29493346	-0.950307939	-0.842159252	0.354967602	-3.267453744	-3.710611365	-0.307891727	-2.437234084	-0.915606625	-0.654469885
54	-1.020148233	1.337337369	-6.054757031	-0.681891488	-1.341898457	1.348239299	-2.941841049	-4.20847164	-0.275431946	-2.309149895	-1.179124997	-1.497061083
55	-0.764977369	1.722693965	-6.142413623	-0.344718399	-0.291263176	1.552912643	-2.932311323	-3.916946399	-0.204017896	-2.352856105	-0.892525443	-1.11526488
56	-0.980999592	1.410781336	-6.227321872	-0.549176875	-1.295162759	0.675842826	-2.950746727	-3.669102208	-0.504595103	-2.689246179	-1.122021122	-0.916882545
57	-0.80471996	2.071099269	-6.234450679	-0.757894785	-0.742576529	1.313503704	-2.968834479	-4.449418074	-0.559063819	-2.71829282	-1.030610663	-1.284235391
58	-0.703386462	1.87111091	-6.192163087	-0.83326674	0.09519295	0.134780006	-3.037787535	-3.669295317	-0.044028301	-2.812881147	-0.35938885	-1.128961867
59	-1.027279523	1.900260169	-6.15146839	-1.348503192	-0.435627216	0.343759118	-3.130068571	-4.303339635	0.20010507	-3.666405518	-1.095826517	-0.307720561
60	-0.517099986	1.904979165	-6.30106651	-0.935168212	-0.952702622	0.469295419	-3.508242585	-3.753284754	0.377779174	-3.58469156	-0.757276906	-1.137539093
61	-0.52094023	1.397664082	-6.361432822	-0.993668832	-0.750542251	0.545255339	-3.318168858	-3.576383559	-0.377216813	-2.216300371	-1.315582459	-1.05749641
62	-0.803591699	1.827409395	-6.233504679	-0.251588609	-1.002102765	0.205539095	-3.407037537	-4.475800146	-0.167926168	-3.310390527	-1.272553269	-0.644354669
63	-0.196388628	1.299153817	-6.361139888	-0.93660175	0.023839477	-0.039482145	-3.087795804	-4.512248397	-0.460837132	-3.68845755	-1.366668188	-1.137587228
64	-0.611850642	1.22209609	-6.268064095	-0.861795459	-0.923439857	0.689098266	-3.621720034	-4.063465215	-0.470725991	-3.086078589	-1.373176487	-1.478371471
65	-0.109669974	1.44327118	-6.239686022	-1.154081335	-0.764747493	0.58847672	-3.494598279	-4.273390231	-0.683079123	-2.549709414	-0.780213814	-0.555990544
66	-0.588422344	1.897372093	-6.209242125	-1.137107819	-0.572908881	1.076375738	-3.596646457	-4.048344592	0.126274078	-4.244000552	-1.377462701	-0.81748689
67	-0.231556219	1.747457244	-6.041879205	-0.907644723	-1.155219197	0.88759109	-3.83634073	-4.353309682	-0.471947441	-3.618895461	-0.810392593	-0.599419102
68	-0.655459642	2.332515441	-6.019843057	-1.075185518	-1.887742336	0.456378687	-3.716633987	-4.463031034	-0.304563707	-3.324399732	-0.590690637	-1.51074054
69	0.286050788	1.207571869	-6.100992916	-0.961092699	-1.560611264	0.388376001	-3.653858658	-4.676641827	-0.411601213	-3.288896621	-1.455958764	-1.189529313
70	0.159545867	1.352645931	-6.033273372	-0.902405504	-1.620267188	0.504813613	-3.785166574	-4.152676362	-0.047246379	-3.567493383	-1.564383438	-0.793672301
71	-0.730345538	1.986840679	-6.372118587	-1.352500869	-1.685223341	0.694357905	-3.709334361	-4.636883164	-0.338850692	-3.850752977	-0.848744388	-1.531294022
72	-0.776287762	2.178119173	-6.057548872	-1.005334998	-1.858631198	1.092353805	-3.489613579	-3.975523352	-0.271291946	-3.159320194	-0.783396973	-1.17520313
73	-0.751331826	1.782445078	-6.072314938	-0.722979389	-1.413963424	1.418657087	-3.493597863	-4.593654691	0.136008605	-3.976224202	-0.714453309	-1.618511177
74	-1.004542655	2.39860384	-6.377938513	-1.070669111	-1.292370469	0.640279023	-3.656204282	-4.638005387	0.138040972	-3.75970354	-0.901763862	-1.31998576
75	-0.273043266	1.996292824	-6.141746608	-1.417057219	-2.053474918	0.929395555	-3.875134412	-3.879558056	0.056163743	-3.999832036	-1.446818925	-0.873704842
76	-0.49111153	1.744223349	-6.267737896	-1.021269558	-1.342739915	1.271507257	-3.621408576	-5.070328286	-0.050422499	-3.421595454	-0.992089512	-0.472531775
77	-0.263480566	2.186296218	-6.17331458	-1.2257378	-0.971802614	1.22788892	-3.853926689	-4.145927592	-0.43495492	-3.236161847	-1.229702279	-1.317642051
78	-0.411426352	1.552501118	-6.133230748	-1.006552127	-1.866862037	0.675385748	-3.625489056	-4.525055497	0.29663429	-3.976361695	-1.250172296	-0.69213513
79	-0.33754406	1.722876423	-6.405641689	-0.630920286	-1.22316399	1.407142096	-3.501320102	-4.585590581	-0.707178243	-3.206409779	-1.021509383	-0.420519955
80	-0.413826462	1.812948095	-5.909618578	-0.404609165	-1.480238461	0.960399935	-3.811487447	-4.59749451	-0.713751566	-2.516891707	-0.758356078	-0.798101523
81	-0.15081961	2.341974633	-5.871212659	-0.749240661	-1.480810748	1.063926747	-3.990031739	-4.467708685	-0.078420745	-3.354692395	-0.69740867	-0.510144458
82	0.080190584	1.152732529	-5.897816548	-1.01444844	-2.068430631	1.420398182	-3.931170245	-4.879049072	-0.105873491	-3.967011148	-0.999131472	-1.053953928
83	-0.119106706	1.475475286	-5.667407493	-0.457709232	-1.851039341	1.040271461	-3.962375018	-5.134108832	0.0342066	-4.092503098	-0.831977088	-0.812915166
84	-0.131256559	2.411333569	-5.689709553	-0.615908942	-2.548112426	0.76926284	-4.2352472	-4.870052029	-0.429371584	-3.381826999	-1.435971195	-1.478388167
85	-0.364689109	2.283325187	-5.624711948	-0.404219643	-1.620612329	1.000918663	-4.190222352	-4.901562095	0.039769885	-3.772892785	-0.584216529	-1.574280952
86	-0.072775905	1.389474559	-5.900030463	-1.121808072	-1.656056304	0.920673829	-3.93161551	-4.755498332	0.093590239	-3.565699386	-1.462653249	-1.415368405
87	-0.311520138	1.467580426	-5.907568376	-1.000575913	-2.320981386	1.141410958	-3.863378421	-4.809768376	-0.213166973	-2.495159317	-0.644743837	-1.123915698
88	0.205239013	1.01804141	-5.865108185	-0.520284952	-1.775601681	0.43669032	-3.988745326	-4.371212401	-0.451288278	-2.776270653	-1.110304049	-0.729547751
89	0.092335155	1.078361069	-5.769993481	-0.746742327	-2.056040844	0.740640254	-4.162418483	-4.717682758	0.139542219	-3.621646711	-1.211745828	-1.364408843
90	0.017412854	1.407312516	-5.932355717	-0.270685652	-2.458477161	0.706576689	-3.815681645	-4.772495315	0.125946159	-3.672837792	-1.129705949	-1.12288757
91	0.270570994	0.880631629	-6.02319215	-0.551465213	-2.147937551	0.389812261	-4.260984125	-4.772629562	-0.113762837	-3.365608892	-1.12619698	-1.109818294
92	0.566622487	0.943765317	-5.837831014	-0.417211689	-2.77998527	0.512133541	-3.84712422	-4.834464466	-0.397868379	-3.422576114	-1.271214846	-1.221845757
93	0.625940104	0.876848089	-5.752352536	-0.428669282	-3.082352664	0.993211418	-3.318260448	-4.8373976	-0.057763692	-3.398211027	-1.161614247	-0.764160542
94	0.711818068	0.70320659	-5.731217451	-0.875422005	-2.86180335	1.554041089	-3.513572986	-4.438591443	-0.495461833	-3.125764073	-0.986320704	-1.756621442
95	0.09898629	1.148672103	-5.767987646	-0.526601069	-3.393043749	1.424397598	-3.530805492	-3.811958457	0.29975509	-3.477505649	-0.555036467	-0.492369025
96	-0.191712247	2.01717938	-5.558648396	-0.353772189	-3.23228112	0.684939662	-3.871946567	-4.308909499	-0.113339053	-2.20290431	-1.71656804	-0.584754693
97	-0.194485488	1.188646857	-5.930905997	-0.330965921	-2.692950478	0.82671364	-3.583951329	-4.222527369	-0.470135678	-2.761069203	-0.680908139	-1.282594739
98	-0.10087849	1.212919365	-5.954596858	-0.798060822	-3.351675877	0.993247648	-3.63182801	-3.99257303	0.074673283	-3.550569063	-1.650738156	-0.411106325
99	0.154459805	0.815669594	-6.040033187	-0.208081457	-3.507557619	1.050614488	-3.695743592	-4.065282191	0.26606587	-3.367746697	-0.944563357	-0.769995041
100	0.13386812	0.767199405	-6.014808458	-0.782893309	-3.075818593	0.929925846	-3.660935121	-3.885640544	-0.595510262	-2.597720407	-0.478433739	-0.883103841
101	-0.004798116	2.223551306	-5.928800861	-0.877379331	-3.199702675	1.278521406	-3.561458054	-4.513609591	-0.277030305	-2.80148545	-1.076589676	-0.125767151
102	0.095948063	0.667410405	-5.816023754	-0.178749687	-3.391170988	1.333587987	-3.580579296	-4.477816076	-0.6322397	-2.137199967	-0.151894223	-0.64275055
103	0.229859672	1.063054111	-6.025374622	-0.509763257	-4.002310306	0.804957818	-3.477220942	-3.991814022	-0.569211582	-2.267404388	-0.906749745	-1.200178901
104	-0.014002052	2.288704735	-5.831214244	-0.177923895	-3.339397007	0.776909485	-3.345359708	-4.567971104	-0.448393258	-2.35698619	-0.784530051	-0.702123444
105	0.126776446	0.726322384	-6.008493863	-0.145281258	-4.264300478	1.078229865	-3.540155812	-4.564076708	0.3218563	-3.270148791	-0.818706402	-1.364877345
106	-0.114277528	1.17452677	-5.87015462	-0.220542997	-4.037323149	1.674688346	-3.640214727	-3.938339679	-0.236637194	-2.234876377	-0.223414131	-0.972234883
107	0.187946068	0.350968782	-5.827222398	-0.058247037	-5.073221667	1.278151714	-3.521980105	-4.342882192	-0.453455168	-1.308830621	-0.487999503	-0.39200343
108	0.285807515	0.335930275	-6.146922115	-0.083644084	-4.945955574	1.731104069	-3.798003602	-4.360002075	-0.26190443	-1.341946027	-1.228584345	-0.772408084
109	0.359112217	0.3576394	-6.279979371	-0.634991406	-5.15036416	1.252621551	-3.538264284	-3.550687675	-0.164920981	-1.913320815	-0.551919856	-0.247904506
110	0.696594966	-0.058096853	-5.402768731	0.201097197	-5.513202932	1.140094038	-3.489705008	-4.099876812	-0.677975876	-1.579795984	-0.813924908	-0.544077699
111	0.766788904	0.166292919	-6.203427235	-0.12596178	-5.419949039	0.844600204	-3.641022322	-3.442142579	0.167902271	-2.362958217	-0.390741395	-1.139974014
112	0.263961958	0.188288586	-6.063425558	0.103558471	-5.638087774	1.509344683	-3.469157967	-3.819326805	-0.634636644	-2.293723503	-0.364582811	-0.602211762
113	-0.006458932	0.763494334	-6.381571187	0.476206261	-5.89220766	1.290195973	-3.657492445	-3.922237177	-0.126347798	-1.449997434	-0.57366938	-1.004860246
114	0.665586322	0.262192109	-6.03333959	0.238097426	-6.476344819	1.86421974	-3.762933046	-3.921464822	0.222605223	-2.352738298	-0.931633165	-0.952112194
115	1.283011916	0.179413966	-6.035927735	0.340665993	-6.840503638	1.743198914	-3.444902529	-4.008852569	0.424274878	-2.034573955	-1.090574995	-0.7976537
116	0.455019939	0.192159349	-6.319650462	0.614538004	-7.021460879	2.237372243	-3.711698205	-4.078043037	-0.528263807	-1.276378176	0.158216145	-1.513107451
117	0.616872983	-0.115310597	-5.441393681	0.451598563	-6.76001934	1.796514522	-3.63055426	-3.653156326	-0.723636234	-1.937203931	-0.359643528	-0.701655881
118	0.658745337	0.049820225	-6.207912535	0.930113463	-6.918568974	2.047120524	-3.708109162	-3.339692415	0.175906289	-2.269562207	-0.120341083	-0.300104501
119	1.184906828	-0.032039027	-5.569614884	0.418144671	-6.934453638	1.971742035	-3.478639114	-4.205012787	0.310190844	-2.087246422	0.050687294	-1.350599435
120	0.018001994	-0.162729429	-5.644298386	0.722744562	-7.220358242	2.851659685	-3.331870003	-3.543452281	-0.581768665	-0.714650381	-0.698828516	0.137360633
121	-0.039024324	0.139446413	-6.135324148	0.758161594	-7.530803813	2.029240636	-3.641290971	-4.15619365	0.152244368	-1.92626476	-0.350082258	0.257074486
122	0.234775045	-0.012068374	-5.275454575	0.753122605	-7.955539549	2.144873891	-3.545910381	-3.334197202	0.322629478	-1.900212439	-0.090344418	-0.447957837
123	0.345392768	-0.005328914	-5.760709394	1.593088775	-8.220357897	2.681661642	-3.584647207	-3.271224633	0.08043851	-1.366080359	-0.558095108	-0.650027409
124	0.355804653	-0.47660903	-5.622527194	1.802071023	-8.041954328	2.674650375	-3.42935032	-3.324593524	-0.260846799	-0.490548113	0.079162638	-0.782579336
125	0.396434398	-0.378216508	-5.374437415	1.532666952	-8.036828406	2.323765272	-3.345446172	-3.500602803	-0.2186069	-0.340213009	-0.496728526	-0.008199377
126	0.215716256	-0.234287478	-5.543318349	2.252272825	-8.718536335	3.196573405	-3.131226855	-3.514420949	-0.037964213	-0.593479074	0.013761825	-0.994531245
127	0.540034204	-0.469390578	-5.718319732	1.540739178	-8.87099951	2.646004206	-3.206659397	-3.959963456	-0.486732315	-0.666746329	-0.269755219	-0.161391746
128	0.229870973	-0.301982449	-5.746710341	1.657108583	-9.231321991	2.732473202	-3.349930958	-3.283397073	-0.142636915	-0.158623161	-0.704068231	-0.688197979
129	0.495712722	-0.307612935	-5.811082691	1.572355686	-8.939506353	2.974206063	-3.189799382	-3.773990527	-0.12440523	-0.184802738	-0.007334468	0.149487324
130	0.511710816	-0.623118882	-6.180059939	1.781104958	-8.878052559	3.257102482	-3.213136654	-2.930260915	-0.292160735	-0.597602784	-0.363116905	-0.395795007
131	0.523242995	-0.795471354	-6.71621642	2.392906601	-9.37728454	3.335225919	-3.187537201	-3.302245672	-0.03887619	-0.038429359	-0.99758491	0.126464057
132	0.614873822	-0.740165866	-6.661641087	2.347989911	-9.607104825	3.043833238	-2.850629097	-3.317308279	-0.451837354	0.084774838	-0.986927721	0.255103331
133	0.65066781	-1.100471445	-6.527629587	2.784433175	-9.928177177	3.403232932	-3.057200318	-3.141513046	0.209964249	-1.04118522	-0.204593676	-0.589332678
134	0.876700438	-1.234543546	-6.130331237	2.655441634	-10.01492925	3.435280302	-2.783039043	-3.273056376	-0.698813672	-0.257984073	-0.046808145	-0.342989632
135	0.550717549	-0.921688779	-6.055684772	3.044692642	-10.00248897	3.573807741	-2.843748142	-3.471799666	-0.175373301	-0.577493422	0.383382855	-0.931777779
136	0.810281191	-1.188269702	-6.514921581	3.26529506	-10.19212573	3.522342911	-2.988802828	-3.046715628	-0.377060048	-0.436921826	0.027893735	-0.67086406
137	0.40553559	-1.048226462	-6.310540646	2.873704475	-10.14671485	4.395163692	-3.035813781	-2.498166862	-0.042225174	0.038766751	-0.680965792	-0.570011069
138	1.328313365	-0.951175592	-5.987260287	3.090377287	-10.15973198	4.336222749	-3.041081106	-2.588688052	0.362950894	-0.698095815	0.178033654	-0.967545381
139	1.353836741	-1.175955195	-6.963252577	2.702029967	-10.83376289	4.064803158	-2.991129676	-2.921529684	-0.303868706	0.376715589	-0.93694474	-0.019711729
140	1.590300984	-1.06411018	-6.334637707	3.735477724	-10.94488642	3.76772366	-2.999714928	-2.458046173	-0.27068622	1.290543951	-0.726255479	0.092435874
141	1.112025331	-1.068314877	-5.840711569	3.457342355	-11.09347382	4.538012244	-2.971582951	-3.003177138	-0.331381837	0.235831142	-0.988047901	-0.007788965
142	0.958194471	-1.620828661	-7.16020873	3.781410636	-11.07268728	4.37080744	-2.849545035	-2.440525985	-0.099496545	1.165573508	-0.830820255	-0.426800772
143	1.569777371	-1.37223312	-7.450343318	3.891974227	-11.35027382	4.56393972	-2.765324442	-2.366855551	0.11995523	-0.08623323	0.325086996	-0.685146301
144	0.446097392	-1.533542187	-6.83731486	4.015856468	-11.42031222	4.630229287	-2.903380586	-2.657206238	-0.315685672	0.754595828	-0.5854636	-0.243107264
145	0.475198459	-1.394933977	-7.40476812	3.860178756	-11.59818624	4.8454806	-2.924892389	-2.945512356	0.113546004	-0.404801396	0.324389362	-0.184434541
146	0.372047022	-1.249849024	-7.487255873	4.765514283	-11.58092788	5.307933817	-2.84489018	-2.34158469	-0.332263751	0.877131438	-0.838614625	0.237340134
147	0.68468912	-1.708261219	-6.655958157	4.744313428	-11.50514401	4.686944201	-2.955147254	-2.893520804	-0.201386203	0.327052281	-0.874643447	0.744712997
148	0.629545286	-1.409444778	-7.045425848	5.571434428	-11.37935231	5.117161374	-2.974949866	-2.01908285	-0.256465323	0.133872718	-0.794341924	0.070746391
149	0.675583812	-1.597121238	-7.782562416	5.308100727	-11.95767781	5.146368911	-2.955611715	-2.989948397	0.35513607	-0.239487125	-0.185430665	0.319592552
150	0.521224171	-1.607311487	-7.196113454	5.418477863	-11.8367959	5.323673737	-3.00361363	-2.660595598	0.399346145	0.130212203	-0.888573295	0.675970663
151	0.525878802	-1.640516916	-6.859982245	5.382653143	-12.065819	5.148172061	-2.748738212	-2.069861185	0.525409066	-0.065923859	-0.038077146	-0.23534898
152	1.122260044	-1.834661989	-7.561479829	5.301690317	-12.0340982	5.481270532	-3.04805572	-2.469657171	-0.154331727	0.516871374	-1.016698381	0.266469313
153	1.058553544	-1.835757907	-7.10973044	5.61211462	-12.01654684	5.663406487	-2.798354214	-2.252829382	-0.065009547	0.562035217	-0.937925486	0.830860667
154	1.0829058	-2.17759385	-8.242269044	6.171968946	-12.08358991	5.802373251	-2.954386379	-2.306259206	-0.443648626	0.900783411	-0.89111513	0.645844343
155	1.37729972	-2.038141068	-7.85570537	5.93254405	-12.15976397	6.022489227	-2.812222957	-2.805779267	-0.462291453	0.794135318	-0.938021752	0.545618279
156	1.334774701	-2.234955953	-8.208111639	5.789510872	-12.51346012	5.727642346	-2.698182637	-2.892098272	0.554754548	0.162963823	-0.751708703	0.076055364
157	1.261612494	-2.201503877	-7.836265157	6.096601628	-12.49603111	6.52660654	-2.727416968	-2.712661044	0.327568214	-0.078896672	-0.227551953	0.295500063
158	0.686061218	-2.134283148	-8.264216507	6.717464201	-12.26701065	6.278802739	-2.671521405	-2.868471276	-0.004181255	1.005546554	-0.779516779	0.02299793
159	0.717267363	-2.094247943	-8.140574734	6.883746809	-12.39882323	6.074434485	-2.86927565	-2.965315649	0.626274079	0.311438228	-0.590112151	0.80073952
160	0.950407469	-1.888018909	-7.82499977	7.2142192	-12.42764986	6.459770083	-2.921996713	-2.830786013	0.579053939	0.31936279	-0.837974315	0.746960073
161	0.735392622	-2.27891612	-7.626870685	7.330635034	-12.40955156	6.554570835	-2.803074356	-2.113596737	-0.356537998	1.410867583	-0.878084018	0.781727074
162	1.161843563	-1.862335618	-8.729234256	7.130346428	-12.58022786	6.444218306	-2.792781114	-2.351467934	0.315729279	-0.002568652	-0.281314767	0.227292407
163	0.72686239	-2.322629835	-8.659125579	7.576806628	-12.31228918	6.64827162	-2.844131626	-2.647097156	0.380119615	0.088706281	-1.104442294	0.145753071
164	1.512767811	-1.841137291	-8.282802323	7.440363805	-12.47369188	7.172829029	-2.913400564	-3.326341416	-0.191144211	1.465773856	-0.680380538	0.800099153
165	1.179453201	-2.110516852	-8.436954053	7.771111591	-12.18130809	7.110289328	-2.964407838	-2.983020077	0.508351424	-0.074933621	-0.526481626	0.68339447
166	1.226652188	-2.101643195	-9.1567728	7.632532783	-12.2871683	6.845039974	-2.966382786	-2.797515533	0.402965283	-0.049090672	0.367255921	-0.315873389
167	0.448204829	-1.918694818	-8.282747027	8.608822131	-12.52731079	7.205307743	-2.851536454	-3.286475937	0.041942368	0.161548659	-0.752664376	0.979980984
168	0.481419337	-2.093197696	-8.194974046	7.878341831	-12.34875826	7.056898873	-2.677635955	-2.597481554	-0.092549333	0.521045508	-0.824214402	0.320815198
169	0.313245274	-2.276459558	-8.500701221	8.038308917	-12.25923049	7.336223766	-2.719999384	-3.137058443	0.915882976	0.066449985	-0.741438471	0.335574249
170	0.536391953	-1.914286224	-9.045044891	8.807597593	-12.2863707	7.226005929	-2.780939607	-3.440807488	0.387102603	0.099140488	-0.660513319	0.501530833
171	0.540026433	-1.988444904	-8.812650417	8.581763145	-12.35546715	7.468701911	-3.258092246	-3.121987449	0.656865391	0.191337843	-0.851669617	0.197015753
172	0.430144126	-2.293980093	-9.154060082	8.693704572	-12.14524341	7.644715307	-3.234128425	-3.294521002	0.415570844	-0.041298831	-0.29890409	0.426262031
173	0.411708703	-2.152022846	-9.967600522	8.663977898	-12.42570586	7.654226431	-2.936378301	-3.272237263	-0.154906325	0.579745645	-0.911803704	0.530160248
174	0.249767894	-2.185159874	-9.721493921	9.199271376	-12.39244016	7.715379669	-2.974191732	-3.122405134	0.200687995	0.099045689	-0.693949602	1.015516145
175	0.328713957	-2.196353082	-9.668307359	9.259679126	-12.35580016	7.211373608	-3.121300178	-2.907074919	0.303677235	0.267607395	-0.704945029	0.552103341
176	0.551852786	-2.127878266	-8.856637696	9.747448528	-12.43627558	7.957474092	-3.307600871	-3.248390298	0.328458061	-0.088436573	-0.555486249	0.831206054
177	0.498247285	-2.237361202	-9.64582053	9.63812359	-12.40133724	7.90329787	-3.416792656	-3.052244211	0.469537328	0.400850914	-0.773648778	0.602575577
178	0.319200275	-2.187116303	-9.205240907	9.658401004	-12.2549036	7.775015005	-3.488571146	-3.318310726	0.038611125	0.16729375	-0.699341168	1.16113734
179	0.587201303	-1.823336615	-9.8191636	9.524456575	-12.35480478	8.011440673	-3.579269852	-2.954059846	0.035281601	0.240926061	-0.649815862	1.030105851
180	0.731940974	-2.315735647	-9.374214207	9.530777024	-12.34072074	7.918761432	-3.636612517	-3.15112639	0.417099135	0.200201259	-0.690661322	0.592810667
181	0.198161633	-2.158544678	-9.879698958	9.521784508	-12.26071904	8.04283904	-3.300109605	-3.52545845	0.368887593	0.32677428	-0.747726373	0.943821029
182	0.344914532	-2.277667721	-10.32450219	10.1687092	-12.0657429	8.376794567	-3.552152808	-3.238221859	0.527639772	0.417426888	-1.194136993	0.904492786
183	0.328473487	-1.962335164	-9.903380254	9.609018419	-12.45646846	8.164012224	-3.420554116	-3.08063118	0.473943822	0.08790507	-1.121334676	0.151834396
184	0.90409839	-2.177440237	-10.18058448	10.42472398	-11.64657725	8.434935813	-3.439681994	-3.280768265	0.42211155	0.281008553	-1.017256991	1.060961254
185	0.994120691	-1.924503188	-9.876806288	10.86251282	-11.65848266	8.245939822	-3.326375681	-3.451235193	0.380710156	0.285447298	-0.912072391	1.163698689
186	0.585125432	-2.131931433	-10.47437525	10.40461022	-11.95061153	8.392523401	-3.446828778	-3.896510142	0.699859249	0.006249487	-1.082937835	0.577741362
187	0.813069185	-2.248882039	-10.32986604	10.67753706	-11.86277108	8.627340319	-3.465461999	-3.084053271	-0.332699051	0.422004069	-0.970790473	0.577691075
188	0.855019294	-2.277203586	-10.26088993	10.62970697	-12.11033653	8.440755909	-3.350544125	-3.543782758	-0.1822512	1.253341496	-1.032430162	0.544192416
189	0.811521187	-1.832842174	-10.43832786	10.39879152	-11.93165041	8.20690293	-3.329034715	-4.024311546	0.57437904	-0.00031712	-0.618534759	0.407261622
190	0.417641845	-1.950031422	-10.40490193	10.49688934	-12.06281786	8.744107716	-3.4522105	-3.901854458	0.071936974	0.271501815	-1.231805844	1.057880099
191	1.513567632	-2.021786383	-10.88998404	10.89488647	-12.13696296	8.537765565	-3.390879851	-4.359684898	-0.174247046	1.534129808	-1.045365774	1.182257392
192	0.224790394	-2.291879666	-11.24256662	10.83317094	-12.21826735	8.905650931	-3.360025468	-4.293923374	0.117694875	0.081957626	-1.420556351	0.919699151
193	0.278606164	-2.083172434	-10.89955612	10.79083276	-11.99828701	8.966017456	-3.445995119	-3.747210055	0.656846882	0.420417277	-1.102832991	0.647015642
194	-0.046608418	-1.721405012	-11.56021385	10.48529327	-11.97154705	8.918184483	-3.308889651	-4.032682608	-0.015111694	0.625748993	-1.227254579	0.956047435
195	0.29583993	-1.853572093	-11.32608842	10.60295229	-11.84172788	8.829500955	-3.55761427	-4.225546961	-0.370144696	1.076599349	-0.856104618	0.794395618
196	0.19049981	-2.121346547	-10.89252376	10.98460013	-12.12611736	8.87422434	-3.671085504	-4.145726184	-0.149609135	1.453016043	-1.1240636	0.666279347
197	0.312589473	-2.332092942	-11.04696667	11.06139259	-11.70679886	9.100715999	-3.801226448	-3.527527776	0.327828561	-0.032597403	-0.365021137	1.076139572
198	0.271804165	-1.898961921	-11.0826685	11.18201067	-11.82760533	8.842023607	-3.922872941	-4.077647913	-0.316414225	1.323164502	-1.167331708	0.562248093
199	0.249166946	-2.118292731	-11.01887948	10.97267735	-11.7270582	9.555931979	-3.835570422	-3.747912316	-0.283518526	1.270214514	-1.273272844	0.94434875
200	0.059183774	-2.263089553	-11.68771891	10.97391598	-11.73554319	9.210663613	-3.635267259	-3.656928096	0.035977134	0.215517944	-1.495157602	1.517444627
201	0.188334673	-2.353067008	-11.26087759	11.34825818	-11.4232317	9.365265125	-3.790432391	-4.166648437	-0.249379325	1.197280649	-1.534114168	0.785732462
202	0.419004053	-2.000807408	-11.99725255	11.52201106	-11.38891592	9.123432745	-3.961979002	-4.618626661	0.176866133	-0.019009634	-0.18301252	1.001999416
203	0.07492876	-1.827117366	-12.25728288	11.44129005	-11.21287176	9.217611551	-3.849018904	-3.937719106	0.535759063	-0.216675066	-0.309990842	0.982353208
204	0.189508882	-2.202275351	-12.07193041	11.26113761	-11.28757853	9.339477924	-3.438761092	-4.646870828	0.389522366	-0.092490233	-1.152408734	0.936340782
205	0.380519962	-2.062774058	-11.73806095	11.53166144	-11.49552978	9.409257181	-3.846819853	-4.510043526	0.582262951	-0.082147946	-0.874249095	0.898493637
206	0.364036997	-1.830213251	-12.18085759	11.81118873	-11.28166261	9.2593246	-3.539887451	-4.407777809	0.400666334	-0.044370093	-1.564481462	1.314299519
207	0.317933226	-2.155026076	-12.5608154	11.72042778	-11.21042276	9.730910287	-3.869383401	-3.753086758	-0.035294643	0.5427667	-1.843104567	0.604830969
208	0.484335934	-2.030963153	-12.67052615	11.76703369	-11.34848424	9.53571463	-3.740967028	-4.683703862	-0.038672378	0.282732835	-1.811987475	0.273037021
209	0.419691351	-1.827249	-12.70591145	11.50204594	-11.1458439	9.482949812	-4.081073376	-4.302152663	-0.213139685	0.634820835	-1.698527563	1.298170541
210	0.218976304	-2.305632039	-12.41335684	11.81189799	-10.99982448	9.429447968	-3.973661712	-4.552566589	0.443783414	0.039848497	-1.939083839	0.297401854
211	0.223280578	-2.29666637	-12.80596534	11.85640955	-11.16839653	9.607966903	-4.013759641	-4.922018174	0.344851268	-0.382667776	-0.918100045	0.982576089
212	0.223820864	-1.841845795	-13.17261076	11.67480947	-10.97614533	9.528641991	-3.964969123	-4.792102545	0.785390381	-0.172833717	-1.490055129	1.506212622
213	0.072159571	-1.877554346	-12.65700289	11.44825183	-10.99393328	9.545339365	-4.088253871	-5.439351504	0.148469227	0.168391299	-2.037684764	0.498540054
214	0.959442578	-1.644229272	-12.71674042	11.58211756	-10.67263641	9.633847293	-3.96559839	-5.317596583	0.000915361	-0.047212845	-1.511094631	1.322007295
215	0.285915985	-1.916226847	-12.73892628	11.92683859	-10.94554091	9.854526206	-4.289507603	-4.71477516	-0.331360902	1.182705035	-1.819647529	0.351382759
216	-0.159357094	-1.52974717	-12.6795193	12.3790188	-10.70763051	9.863087856	-3.953427431	-4.689382606	0.491797607	-0.067216661	-1.356068848	0.495162977
217	-0.194886595	-0.546603044	-13.12860001	12.12335149	-10.95472122	9.839666906	-4.168353929	-5.3389152	0.142213651	-0.321218875	-0.751196358	0.930154657
218	-0.270524652	-1.260966348	-13.58627597	12.22958492	-10.66580157	9.777948873	-3.877540096	-4.786210273	0.243873989	-0.219663487	-1.450034921	1.051515073
219	0.059543543	-1.44870011	-13.49046699	12.15906457	-10.53894965	10.16744665	-4.094289276	-5.510604301	0.722648382	0.048051037	-2.035926517	1.718982876
220	0.13360007	-1.6224807	-13.16638421	11.97808937	-10.59845497	10.03934076	-3.813631377	-5.495220408	0.185874823	-0.276451068	-0.842004694	1.267990286
221	0.147804699	-1.166741395	-13.36555676	12.02818351	-10.84521957	10.12681157	-4.373679979	-4.955807683	0.013821687	0.006728377	-2.046547022	0.632911736
222	-0.072223449	-1.344413866	-13.58758829	12.16215633	-10.60770156	9.763793208	-4.25355843	-4.676821804	0.621421306	0.062515477	-2.153155178	1.607177308
223	0.232666112	-1.249298014	-13.73139108	11.96100021	-10.82812174	9.941479133	-4.591574627	-5.78295861	-0.086628119	1.077937113	-1.801800105	0.771926756
224	-0.007042128	-0.90527347	-13.71837654	11.89709453	-10.68247985	10.47634123	-4.340785383	-4.883108702	0.1966942	-0.127028139	-0.682335249	0.914193283
225	-0.08762174	-0.873853142	-13.81277919	12.19735941	-10.37000884	10.10652117	-4.29590229	-5.529996565	0.509070495	-0.298355933	-1.355400513	1.381305127
226	-0.283521028	-0.874338153	-14.70775479	11.89196243	-10.34086346	10.26772459	-4.144177147	-5.041460383	0.549108496	-0.327424346	-1.313633232	1.858552469
227	-0.150341139	-1.156163529	-14.0933293	12.19804567	-10.52075822	10.0746766	-4.216441563	-5.859989908	0.440303074	-0.591305703	-1.625725171	1.558487163
228	0.049086639	-1.472538184	-14.15298516	12.36873236	-10.02363192	10.29314671	-4.423375554	-5.993908087	0.564070707	-0.434583719	-0.791261409	1.294956807
229	0.168567596	-1.264751151	-14.34606875	12.25192732	-9.893595962	10.36725403	-4.635534334	-5.327743213	0.780881813	-0.437506723	-1.037858909	1.455695795
230	0.143795084	-1.478168398	-14.21418685	12.34535649	-9.962178473	10.14834204	-4.434963496	-5.395912234	0.043369614	-0.358904273	-1.601434063	0.737146854
231	0.066176694	-1.658032337	-15.13407715	12.28470682	-9.964029055	10.00034071	-4.709751067	-5.937538706	-0.060129485	0.230070944	-1.895813172	1.592325279
232	0.400809017	-1.416732465	-14.80319726	12.55305265	-9.846188707	10.36140949	-4.350324921	-5.527533637	0.26627979	-0.815017983	-1.92463995	1.448289871
233	0.241152526	-1.392526755	-14.77826941	12.65000853	-9.842605206	10.47236111	-4.362529867	-5.758364584	0.436639414	-0.795542427	-1.386192268	1.182663465
234	0.579435769	-1.442666939	-14.3729203	12.69893592	-10.18702864	10.46652622	-4.665246563	-6.077465301	0.121059389	-0.838719479	-1.981878687	1.219311672
235	0.093318634	-1.473082676	-14.99657875	12.33934222	-9.835001701	11.16153891	-4.596952738	-5.782485094	0.531985483	-0.869866649	-1.616918358	0.879584567
236	1.413507462	-1.164498909	-14.54288384	12.50839056	-9.54972962	10.68094853	-4.718640544	-6.29393758	0.232308497	-0.777802436	-2.25386484	1.251443836
237	0.01165875	-1.491895094	-15.21051226	12.60616113	-9.627125155	10.64138525	-4.455222764	-6.282668727	0.372529164	-0.694306649	-1.618254794	1.628113472
238	0.898040789	-1.459546838	-14.8851906	12.47975097	-9.960222482	10.94393993	-4.787885699	-6.115905647	0.114095399	-0.802391892	-1.689215293	0.69744807
239	-0.154312393	-0.910314375	-15.09360743	12.46956729	-9.738618432	10.79934016	-4.708659223	-5.989789342	0.218064849	-0.771454109	-1.511860628	1.363910146
240	-0.23142153	-0.282648315	-15.55288317	12.69007336	-9.651778675	10.90854795	-4.551737021	-6.711858641	0.013229451	-0.600752312	-2.544678699	1.002935289
241	-0.551928273	-0.039793262	-15.03369	12.69890987	-9.693155983	11.20345268	-4.593102898	-6.233012875	0.144615327	-1.002483173	-2.457051828	1.384939997
242	-0.986928052	-0.748508866	-15.44370173	12.55723381	-9.458731887	11.01427002	-4.588976776	-6.030472705	0.231549445	-0.796335609	-1.732378407	1.297907137
243	-0.782819073	-0.742162879	-15.92621018	12.52144712	-9.443812847	11.1040339	-4.614753723	-6.590398511	0.30224167	-0.519872918	-1.741584242	1.395859711
244	-0.96629207	-0.665374612	-15.15645332	12.53603219	-9.574342254	10.87057271	-4.698393839	-5.654699481	0.505181446	-0.888505081	-1.572883077	0.930032991
245	-1.080133548	-0.672819569	-15.95655637	12.50532632	-9.705964592	10.73104228	-4.315991537	-6.437934234	0.155864523	-0.758615295	-1.928617468	1.318588145
246	-1.051865671	-0.859029921	-15.62970268	12.4415534	-9.677824509	11.12405272	-4.796206311	-6.518073159	-0.09035674	0.225119081	-2.617687399	0.879254011
247	-0.773162939	-0.463411166	-14.96916125	12.43051492	-9.427609453	11.07458905	-4.512666107	-6.741770713	-0.199225139	-0.410067555	-1.5587334	0.957947662
248	-0.912604788	-0.208610359	-15.04184053	12.81578081	-9.384067631	10.94888763	-4.714181272	-6.574967436	0.138801439	-1.058129949	-1.655685697	1.123057024
249	-0.747833107	-0.526625547	-15.17475571	12.62033711	-9.858150436	10.62480863	-4.306016928	-6.578187842	-0.022602854	0.322763505	-2.500672371	1.134250991
250	-0.896146921	-0.401638968	-15.09281915	12.78051073	-9.776215215	10.85391669	-4.743158321	-6.759217221	0.417386981	-0.904452596	-2.137803037	0.69180531
251	-1.024377968	0.027879956	-16.27468665	12.71252114	-9.979203938	10.59310891	-4.745067553	-6.404117996	-0.307101736	0.390520383	-2.665854199	0.844139905
252	-0.983515024	-0.240279626	-15.81163981	12.65705025	-9.345970272	10.95733801	-4.739252402	-6.783988058	0.557688387	-0.882980126	-1.365288424	0.799001861
253	-0.697288473	-0.921726567	-15.17200066	12.53037737	-9.52355157	10.85491729	-4.630813605	-5.872443133	0.374971299	-0.746572142	-1.565715577	1.171663363
254	-0.621359981	0.298160385	-16.03834968	12.39003888	-9.624151926	11.22547128	-4.621981074	-6.401940213	0.011685001	-1.105383652	-1.416003755	1.817152219
255	-0.611809604	-0.131329799	-15.29969227	12.74425247	-9.332271562	11.11430707	-4.545910424	-6.63664624	0.039899971	-0.699391993	-2.26769544	1.403470863
256	-0.280122379	-0.063042062	-15.23834217	12.76143971	-9.415486541	10.66842497	-4.403950915	-6.322235021	-0.215716226	0.281978087	-2.749256966	1.624308749