t	X1	Y1	X2	Y2	X3	Y3	X4	Y4	X5	Y5	X6	Y6
1	0.332723765	0.109810958	-0.105239511	0.322959038	0.228880294	0.03536994	0.24152768	-0.164702605	0.046197689	-0.255126947	0.899804493	-0.187536813
2	0.149948781	0.040453027	-0.152632642	0.260429776	-0.108271228	0.623977298	0.187055452	-0.30796352	0.416052581	-0.140544999	0.814392451	-0.422807841
3	0.107616701	-0.10231282	1.010239616	-0.234680949	0.954642876	-0.04610293	0.985469049	-0.14445679	0.524919977	-0.29334752	0.423955625	-0.427764239
4	0.320024263	0.09168496	-0.04751351	0.337858603	-0.086281156	0.370976351	0.276950054	-0.100056496	0.899600454	-0.293590323	0.854211331	-0.28230653
5	0.323875461	-0.273985562	0.263090342	-0.066809101	0.912350411	0.298562201	0.008073487	-0.432531685	1.071601452	-0.480843162	1.340414559	-0.052905121
6	0.425156506	-0.054310239	0.273102823	-0.062590327	0.413731283	0.16985172	0.322597203	-0.439632423	0.340358401	-0.341562812	0.596286076	-0.298313608
7	0.441202247	-0.071422488	0.050892545	0.114844669	-0.001840773	0.89080191	-0.128502722	0.756673726	-0.330463658	-0.14096779	0.431085831	0.010755608
8	0.438931367	0.050830754	-0.159433959	0.948397576	0.086656057	-0.09203102	1.144146335	-0.33108929	0.284353979	-0.51700341	0.617923605	-0.461836158
9	0.413875941	-0.029763645	0.364595979	-0.090888555	1.368512859	0.077760536	0.023845602	-0.513672512	0.962552995	-0.496284421	0.173354258	-0.039580383
10	0.045738816	-0.04566685	0.966559698	-0.205461295	1.204029203	-0.07042207	0.734957123	-0.169170179	0.347903012	-0.388096023	0.335282438	-0.252539896
11	0.483155794	-0.027504075	-0.165054616	1.018467788	-0.199562353	0.731188755	0.006092543	-0.524399064	0.400334014	-0.105842335	0.903409076	-0.089474309
12	0.28097562	0.006939565	-0.436166466	0.059563015	-0.195739642	0.367836249	0.143927982	-0.432311903	0.2921524	-0.278698552	0.37558132	-0.206270692
13	0.268611834	-0.172604039	0.924317898	-0.231348187	0.503554495	0.188509427	-0.038515461	0.817379791	-0.221536489	0.741511419	0.160034528	-0.117234086
14	0.282544357	0.150849278	-0.448646755	0.303075216	-0.002162046	0.639839911	-0.025305467	0.006122081	-0.054427908	0.213688419	-0.071739609	0.145452909
15	0.214494305	-0.000920633	0.215920456	-0.007247549	0.496253926	0.040447811	-0.303572948	0.696185869	-0.182949051	0.411291667	-0.341274331	0.586181583
16	0.284061214	-0.045107072	-0.208262939	1.032797227	0.09478884	0.203141031	0.108325054	-0.108432436	0.53257757	-0.490976978	1.158720235	-0.177153905
17	0.611912528	0.043112842	-0.607335363	0.473302947	-0.002148803	0.561500049	-0.19102799	0.10121741	-0.269550132	-0.223766495	0.672012928	-0.17554406
18	0.872086203	-0.097307683	0.193925424	-0.197799247	0.696451279	0.177350718	-0.179888001	-0.042146336	0.903957115	-0.361254446	-0.099113281	0.558892953
19	0.75414321	-0.264330232	0.738197654	-0.120972491	1.057423276	-0.09056488	0.225438661	-0.675958963	0.826744035	-0.484085024	0.898993653	-0.176261506
20	0.263491749	-0.126914313	0.253543527	-0.272151471	0.980159003	0.074116197	0.047142092	-0.205748719	-0.005018804	0.768978414	-0.135389666	-0.122152693
21	0.922356584	-0.175143818	0.617450411	-0.246114169	0.350494054	-0.130984288	0.689040689	-0.357854918	0.523948626	-0.293232279	1.011925806	-0.419554135
22	0.712152265	0.036376914	-0.517899232	0.437647575	0.062032057	0.058439634	0.127216397	-0.555952123	0.831040009	-0.506207339	0.667803514	-0.287320599
23	0.621273466	0.155433658	-0.540631945	0.756955802	0.043580269	0.002155231	-0.027374006	-0.084285805	-0.078576062	0.572083358	-0.150377037	0.427862869
24	-0.163044794	0.732172643	-0.754900278	0.259915315	-0.157527569	1.4927457	-0.347580447	0.49133364	-0.266616974	0.401818245	0.055212238	-0.489492914
25	-0.256429652	1.239826766	-0.905576002	0.980199003	-0.182654795	0.941080089	-0.340665031	0.191442101	-0.336384463	0.038101632	-0.1903383	0.87598222
26	-0.003843451	0.187952707	-0.589754799	0.917636791	-0.21222712	0.716706698	-0.317301464	1.033009672	-0.246489155	0.626173364	-0.014209974	0.666531447
27	0.050866103	0.168215837	-0.741340143	0.596362551	-0.229394325	1.395213722	-0.010377269	0.077353146	-0.166170264	0.974153961	0.073893373	-0.230313133
28	0.004094345	-0.196804115	-0.132378117	1.082427265	-0.34954954	0.757277997	0.038273937	-0.708201971	1.048835598	-0.397441075	1.079304975	-0.41598822
29	0.058237632	-0.011435649	-0.044625051	1.021959804	0.049777153	0.283930086	-0.164344005	0.841717682	-0.312951648	0.772638656	-0.073290139	0.503241453
30	-0.118285368	0.777082884	-0.750578455	0.843825834	-0.116537996	0.742451556	-0.359229925	0.069146662	-0.071833464	0.680335791	-0.216496008	0.393706637
31	-0.126711326	0.739291296	-1.102656381	0.216685545	-0.229283789	0.450167458	-0.329671369	-0.382654144	0.685289748	-0.31192794	0.418231415	-0.366771052
32	-0.035072558	0.950852283	-0.66554188	0.490537634	-0.065043058	1.049229095	-0.080716231	0.379696261	-0.246980099	0.110792464	-0.202307014	1.044063521
33	0.330414391	-0.210640642	0.289202391	-0.082899313	0.300505769	0.105131925	-0.484351106	-0.056361529	0.969084768	-0.392199911	-0.129195323	0.714710675
34	0.189822069	0.212103428	-1.13805859	0.98671026	-0.109559698	0.730788826	-0.235075255	-0.348691405	0.89297047	-0.432905607	0.349190422	-0.092601282
35	0.135886604	-0.229321051	-0.163847907	0.906643399	0.117627856	-0.049810819	1.104370082	-0.70860499	0.801681172	-0.323585337	0.898156475	-0.297512352
36	0.338827253	0.307906901	-0.959878526	0.027247648	-0.170472037	0.39761207	-0.529721627	0.687078232	0.031313956	-0.45450945	1.180329964	-0.084661066
37	0.2169484	0.195609997	-0.855136835	0.676922592	-0.106998358	0.406837018	-0.500716114	0.623347613	-0.073495949	-0.34543847	1.280469795	-0.275617082
38	0.120370782	0.32318614	-1.080063521	1.064123085	-0.090914348	0.758302954	-0.433564543	0.893724573	-0.306370102	0.620964679	-0.14326353	0.001001437
39	0.25743186	-0.154986957	0.199116516	-0.314822447	0.589382931	0.141718954	-0.359394546	-0.026163473	1.338266008	-0.574955081	0.261751409	-0.04263609
40	0.693569863	-0.061525218	0.268748968	-0.287196567	0.223759423	0.164836055	-0.213889156	0.613396783	-0.222874989	0.71395922	-0.158802412	0.076841974
41	0.44776113	0.027204943	-0.768668462	0.546981611	-0.209574181	0.953119515	-0.296938422	0.351719684	-0.093424723	-0.020814603	0.562639552	-0.348174249
42	0.619519587	0.334703031	-0.94514295	1.024316205	0.020965037	0.000801768	-0.104570746	0.149490369	-0.157049339	0.282612289	-0.320860849	-0.065234632
43	-0.030980718	0.940211783	-0.819797794	0.10695061	-0.199311598	1.309146774	-0.543482612	0.746047508	-0.184463515	0.396502752	-0.02022885	0.403725038
44	0.300435276	-0.116181915	0.341504932	-0.238967799	0.774365846	0.072268745	-0.320860394	-0.112561007	0.362512212	-0.326448656	0.292098514	-0.271315092
45	0.602598743	0.254959134	-0.785204516	0.075079269	-0.011945939	0.78959283	-0.500192118	-0.059179518	0.523892361	-0.362732574	0.186543925	-0.28095816
46	0.92449049	-0.05922627	-0.726606636	1.052338268	-0.044198218	0.384316283	-0.40094276	0.330291442	0.003982222	-0.812709558	0.736518142	-0.374663338
47	0.950768765	0.29795379	-1.199065796	0.887417892	0.003922024	0.056025882	-0.274836601	0.578734885	-0.022085749	0.906342419	0.05451211	-0.451990204
48	-0.319789665	0.259563143	-1.077745337	0.546242785	-0.217671016	0.287885709	-0.673998555	-0.389655561	0.354606625	-0.609133383	0.607291501	-0.381910975
49	-0.059324975	0.805251132	-1.069645135	0.634520245	-0.174906726	1.556728611	-0.604109851	-0.148765831	0.193318551	-0.585272412	0.567834795	-0.357318327
50	-0.161295603	1.031391415	-0.885790321	0.401319484	-0.337748096	1.161631543	-0.548227733	-0.568806634	0.734331271	-0.760614117	0.198549551	-0.141830861
51	-0.065914267	0.318790579	-1.037308102	0.968728788	-0.214868808	1.31549285	-0.632263676	-0.173343593	0.159668168	-0.690955088	-0.000564409	0.51965801
52	0.109181296	0.405004051	-0.98357749	0.299139882	-0.204344389	1.047825262	-0.293830809	0.193883791	-0.002136611	0.320514819	-0.465988088	0.754968752
53	-0.076484965	0.233200953	-0.98345622	0.783206193	-0.148474802	0.84925688	-0.537685878	0.132135769	-0.235048789	0.372196666	-0.487401553	0.270094131
54	-0.06354264	0.886908496	-1.026056764	0.117054288	-0.102894628	0.85056482	-0.660140402	-0.384281447	0.446204309	-0.541877296	0.810145371	-0.525092493
55	0.018558981	0.013347645	-0.791770074	1.093496117	-0.405034803	0.306914663	-0.309585132	0.45883058	0.101415095	-0.458045115	-0.113217032	0.971345523
56	0.0925497	0.04985373	-1.353087312	0.109643463	-0.024377988	1.216038734	-0.522581846	0.558580518	-0.182162336	-0.28120484	0.680883187	-0.437746758
57	0.118959597	0.192046091	-1.185499753	0.765284804	-0.123543796	0.614624618	-0.477984067	0.569967387	-0.254474913	0.375306371	-0.309056598	0.564466757
58	0.225161329	0.092756957	-1.006275411	0.743716884	-0.098226221	1.36975561	-0.377006091	-0.3586415	0.563506917	-0.580028871	0.89373092	-0.120582916
59	-0.090166767	0.327148128	-0.989927905	1.177538134	-0.078580892	1.041822235	-0.560512416	0.160216084	-0.131942552	0.315123074	-0.106230104	0.004798284
60	0.301898575	-0.00563844	-0.214545907	0.072673476	-0.214572031	0.557959246	-0.696920768	0.41020036	-0.125230959	0.750284244	-0.265934796	0.644527724
61	0.289724113	0.22599604	-1.193324518	-0.026615676	0.311379084	-0.172503849	0.045630068	-0.807770381	0.800508655	-0.667261187	0.76018053	-0.075457681
62	-0.047847057	1.572337361	-0.879108998	1.112756287	-0.187066189	0.388066213	-0.536504122	0.000274309	-0.120072382	0.453292747	-0.307951963	0.625983384
63	0.558111728	-0.005869479	-0.708935183	0.308264101	-0.213127086	0.370572607	-0.684566209	-0.615518676	0.205931623	-0.713496345	1.170032967	-0.255162491
64	0.257367933	0.289666214	-1.369856728	1.09381412	-0.465593539	0.522525336	-0.729303801	-0.243603541	0.281350549	-0.616038395	-0.053006247	1.001730115
65	0.403294662	0.230638404	-1.024899837	0.816184352	-0.221287862	0.952466733	-0.384509443	0.301315309	-0.201888439	0.437868044	-0.226855059	0.668923575
66	0.47764308	0.132437548	-1.113441502	0.792040956	-0.091803222	0.939741339	-0.527732079	0.189512707	-0.044746416	0.250495694	-0.341099162	0.811097351
67	0.891504292	0.140585129	-1.235691145	0.439903571	-0.393694487	0.653780427	-0.422634386	0.57711745	-0.189953624	-0.229981203	0.769364318	-0.177216415
68	0.808785338	0.308781032	-0.929936263	0.607877038	-0.41303137	1.210540147	-0.583142932	0.157200166	0.151216344	-0.803169184	0.247165633	-0.504819847
69	0.154062107	0.144199255	-1.255775054	0.716659982	-0.427973946	0.722838506	-0.532307282	0.057499012	-0.310991791	0.358446839	-0.296848595	0.030622768
70	0.935917533	0.206240458	-1.067054281	0.653376821	-0.169561895	1.203288765	-0.728617133	-0.551650633	0.017798982	-0.595376934	0.743497135	-0.207950192
71	1.053282227	0.400535983	-1.144439883	-0.129698466	0.039969176	0.113302092	-0.56187424	-0.319062617	0.261148373	-0.47943245	0.158728901	-0.394479331
72	-0.047717489	1.23473935	-1.03857271	1.007366964	-0.252457236	0.687739262	-0.403638233	0.170874878	-0.018243136	0.118326774	-0.238049913	-0.012403995
73	-0.000150885	0.858732799	-1.258849846	0.1316151	-0.570465431	0.445723998	-0.551132348	0.280986974	-0.192508996	0.336165828	-0.094864508	1.019032776
74	-0.167834785	0.448891343	-1.084367217	0.365874194	-0.322448178	0.9312527	-0.718194143	-0.595011697	0.551299073	-0.689685575	0.110526676	-0.264556497
75	-0.095071861	1.068042258	-1.206003277	0.207354347	-0.405524153	1.150795795	-0.367514754	0.405353956	-0.089148784	-0.301933117	0.68881387	-0.208142742
76	0.032446976	0.197314237	-0.975159381	0.443213788	-0.411942889	0.574473859	-0.811040854	-0.630343813	0.460872774	-0.823410658	0.408614179	-0.147621018
77	0.231162919	-0.078487043	-0.255327111	-0.03755652	-0.096243403	1.063491729	-0.401568985	0.133155271	-0.205491664	-0.327381989	1.142498357	-0.287804452
78	0.015808779	0.337074858	-1.017775917	0.72431283	-0.269828813	0.703577277	-0.724419904	0.124322921	-0.136459535	0.004122098	-0.222963266	0.021387194
79	0.308911692	0.41368294	-1.194152972	0.740229736	-0.38191061	1.147221652	-0.461957615	-0.345381436	0.061923323	-0.814570182	0.061238525	-0.246603475
80	0.00129422	0.395682581	-0.839929633	0.64109446	-0.454767966	1.241468212	-0.636904443	0.246406199	-0.416736521	-0.089278063	0.032526263	-0.29142466
81	0.125656391	0.362152048	-0.890162044	0.700395102	-0.359336032	0.561756151	-0.675535063	-0.591075559	0.926263247	-0.519861966	0.86558845	-0.195875028
82	0.211116635	0.416539921	-1.235268866	0.290837076	-0.541235828	1.201535401	-0.664816835	0.127444061	-0.371357218	0.704002517	-0.221216519	0.694152574
83	0.215535232	0.346671532	-1.210745527	0.684065621	-0.275108546	0.790425124	-0.665392852	0.233849715	0.040686673	-0.450973304	0.641459759	-0.390468445
84	0.075748294	0.1897759	-1.186992495	0.717336518	-0.691541332	1.499804883	-0.616519423	-0.778691908	0.528252623	-0.470584522	0.225094643	-0.257200946
85	0.33565807	0.129018756	-1.049047113	0.304404631	-0.710644493	1.261055569	-0.681978773	-0.563274956	0.293840995	-0.529559042	0.078702864	-0.306054545
86	0.495225502	0.371746849	-0.985090862	0.284688199	-0.469582136	0.761623374	-0.534492836	-0.05242356	0.674173263	-0.602332635	0.053621937	-0.31554357
87	0.7228346	0.435213457	-0.759655532	0.726573866	-0.413426266	0.381173905	-0.915697182	0.12868514	-0.144881532	-0.473933191	0.111087917	-0.40947322
88	0.227474209	0.312133307	-0.985389644	0.435647473	-0.571483888	1.423241034	-0.809540718	-0.372426618	0.937169409	-0.509989694	0.678149193	-0.212432336
89	0.634598304	0.01376901	-1.08838989	0.316429682	-0.723753144	0.176796208	-0.57033549	-0.469899062	0.24563867	-0.7733699	0.001118962	-0.334950246
90	0.383306376	0.23314586	-0.908868338	0.45367104	-0.805581218	1.052226916	-0.452282466	-0.414068637	0.192692105	-0.91598722	-0.136371125	-0.150349909
91	1.004989473	0.168329535	-1.158728573	0.680786362	-0.649588524	0.745244573	-0.67093264	0.195330527	0.007616942	-0.626804229	-0.002273344	0.799579012
92	0.324856786	0.227773018	-0.908659587	0.144814902	-0.278411127	0.540274797	-0.805064175	-0.084836489	0.183918131	-0.757768814	0.28053784	-0.401609909
93	0.650076614	-0.022162383	-0.410356291	0.732773178	-0.496372174	0.559354722	-0.66383554	0.241414948	0.136193826	-0.320325514	0.074948052	-0.413119804
94	0.765035808	0.340263866	-1.146514204	1.105915026	-0.574004257	0.877861295	-0.608940003	-0.731428221	1.214838382	-0.538579492	0.827304994	-0.271977927
95	0.710579821	0.27320406	-0.793685365	0.286109435	-0.891650051	0.877126795	-0.415075058	-0.166767177	0.58395565	-0.54055932	0.305535213	-0.115737079
96	-0.233921413	1.387513461	-0.945860891	0.828105506	-0.46252068	0.525519873	-0.850714563	-0.60040969	0.470870659	-0.553264319	0.537976794	-0.324888335
97	0.206381006	0.062582114	-1.019115198	0.121953113	-0.339226285	1.091347995	-0.476689002	-0.482753832	0.368451665	-0.706044044	0.788980675	-0.167023444
98	0.177364878	0.427267047	-1.098352196	0.519490159	-0.508833605	0.673252647	-0.539254683	0.026392921	-0.025143576	-0.373280185	0.581112037	0.008372594
99	-0.083302237	1.390701373	-0.750390174	0.704151797	-0.493715486	0.660277794	-0.563283749	-0.31750617	1.286055174	-0.469899456	0.476857081	-0.043497066
100	0.009666795	0.037556522	-0.845559075	-0.043351247	-0.310424805	1.34371355	-0.710952125	-0.259682032	1.06531292	-0.398350943	0.725046255	0.072795447
101	0.14852057	0.307467413	-0.935190403	0.579465369	-0.764275076	1.112204488	-0.48889857	-0.459900838	0.269622361	-0.666456463	0.53166415	-0.213352078
102	0.110637422	0.150649052	-0.851365224	0.715587107	-0.772880449	0.988587933	-0.512313157	-0.44485342	0.690838363	-0.479268077	0.064249097	-0.066133688
103	0.29802443	0.198050139	-1.309543137	0.487951453	-0.583840768	0.908380214	-0.792286992	-0.491171806	0.594186056	-0.312026623	0.956315644	-0.153210656
104	0.274508214	-0.084018478	-0.441858374	0.659139307	-0.652998	0.82845255	-0.429555075	-0.204466552	0.358636233	-0.271571791	0.201265719	-0.121600502
105	0.072072244	0.07541435	-0.838473777	0.213787427	-0.625927731	0.89495501	-0.341940105	-0.522663214	0.80868738	-0.415627386	0.348384977	-0.118305139
106	0.367029829	-0.063739077	0.401879997	0.067170833	-0.766982592	1.268258795	-0.625176136	-0.248980979	1.200474671	-0.404688375	1.23204322	-0.121055067
107	0.088682514	0.129851213	-1.238630785	0.370219074	-0.875155494	1.391089785	-0.528971072	-0.464441772	0.26998839	-0.390437015	0.210895364	-0.285030462
108	0.52029987	0.2648194	-1.021689203	0.770424998	-0.888591637	0.720869138	-0.590271877	-0.438827507	0.706174968	-0.197064149	0.175860009	-0.074503841
109	0.358959965	-0.20489355	-0.644940799	0.441759297	-0.792691522	0.690977791	-0.781065163	-0.15796428	0.611761873	-0.421957915	1.150030241	-0.287639916
110	0.783367602	-0.009662672	-0.835358978	1.360527333	-0.90729205	0.968862532	-0.429703634	0.272759571	-0.469858754	0.88114755	-0.166419292	0.394363177
111	0.504734556	-0.015938666	0.339872899	-0.055016782	-0.723731357	0.484854132	-0.672856608	0.145776175	-0.122711245	0.261075809	-0.250046909	-0.0068988
112	0.09334575	0.084756995	-0.989234927	0.44853256	-1.165942895	0.399726113	-0.633148133	0.268290211	-0.23039697	0.474022199	-0.340342503	1.107146615
113	0.33237397	-0.042721016	-0.832372631	0.395689664	-1.113094261	0.853728818	-0.631600333	-0.375830533	0.417087915	-0.247799456	0.65805279	-0.231342729
114	0.468907827	0.089723093	-1.195188597	0.599451417	-1.169624166	0.574658037	-0.493249363	-0.465658708	0.786750151	-0.306804549	0.700269988	-0.268563444
115	0.824917188	0.013372599	-1.09524171	1.03548756	-1.109357682	1.178367091	-0.775699558	-0.070585118	0.434530685	-0.376237552	0.334915691	-0.400964687
116	0.429660843	-0.041070102	0.177944666	0.221008793	-1.155464454	1.451897365	-0.515477397	-0.240557794	0.417160589	-0.602743815	0.537279122	-0.334456274
117	0.270034186	-0.048067122	-0.793131636	1.338233111	-1.003367077	1.091409079	-0.787181601	0.038739827	-0.085522787	0.129101	0.012407433	0.024087166
118	1.260273087	0.14599023	-1.189441965	0.89315909	-1.27506665	1.615772738	-0.600885582	0.009017668	0.109800355	-0.514093085	1.130517659	-0.209751005
119	0.782591774	-0.161931612	0.001442257	0.218708444	-1.328266777	1.55419573	-0.364544419	-0.150089161	-0.015513895	-0.180248644	1.223936981	-0.103815166
120	-0.052762277	0.945039444	-1.171582787	0.881997387	-1.26268662	0.609636306	-0.392972135	0.506502195	-0.209682234	0.86491429	-0.202457709	0.524115245
121	0.05728804	0.287977196	-0.987894875	0.710889486	-1.554723202	0.973831756	-0.414653245	-0.221428947	0.154084478	-0.473670578	0.066992096	-0.201303496
122	-0.018817951	0.302627598	-1.145997418	1.22789962	-1.253519754	0.768733448	-0.836375509	-0.386125342	-0.035947401	0.306344052	-0.277970582	0.296810159
123	0.279134744	0.100627528	-1.185042451	0.421576325	-1.083378069	1.038167729	-0.49033432	-0.554637343	0.667118451	-0.24207228	0.597851345	-0.335660047
124	0.335342793	0.030518164	-1.033689318	1.504659975	-1.238020959	0.682959115	-0.536579641	-0.254004877	0.619115798	-0.18309499	0.916501951	-0.199866108
125	0.1399409	-0.232144543	-0.729422133	0.309844629	-1.317172109	0.708055122	-0.600681467	-0.454668371	0.544851162	0.051469958	-0.233173656	0.191245318
126	0.373993237	0.01006489	-1.166922636	0.751853887	-1.478374428	0.89426971	-0.56819084	0.151526358	-0.30914552	0.971642199	-0.263601328	0.243606494
127	0.211641296	-0.238459278	-0.786330247	0.518866513	-1.421535197	0.918778873	-0.495492899	0.342486626	-0.342353634	0.317067744	-0.181966707	0.489342582
128	0.12149421	-0.32219724	0.182183586	0.233690875	-1.553719726	0.692744736	-0.697853583	0.008494622	-0.12118654	0.606637962	-0.261084519	1.177800228
129	0.45666283	-0.319328334	-0.133054715	1.59998442	-1.737015942	1.146657585	-0.469456224	-0.003702809	0.136561371	-0.253738744	1.018248471	-0.13008526
130	0.634412397	-0.060916029	-0.289815281	1.588843372	-1.328573216	1.426322987	-0.303077741	-0.278505871	0.352290441	-0.214718571	1.025067	-0.323768643
131	0.232319262	-0.067145512	-0.073108288	1.109935958	-1.621302711	1.12102653	-0.753247169	0.507528504	-0.073946558	0.460242914	-0.129515927	0.911332274
132	0.233417392	-0.083243685	0.106555325	0.604842017	-1.666335654	0.926975661	-0.678608531	-0.470920815	-0.032887956	0.190663266	-0.288199066	1.186410938
133	0.408435749	-0.178760475	-0.969119904	0.79133725	-1.442293425	0.971073191	-0.535036639	-0.148502782	0.297520605	0.009933485	0.012184802	-0.278950931
134	0.477002016	-0.256731162	-0.008089534	0.591076402	-1.950464353	1.068829034	-0.447918645	0.071765002	-0.319388566	1.071575171	-0.074536444	0.203928391
135	0.679885152	-0.250660923	-0.949048561	1.406684215	-1.816787481	0.68529874	-0.308613947	0.297171116	-0.278980017	0.012914894	-0.020351498	0.593413163
136	0.348298421	0.028120475	-1.229725829	1.214465896	-1.784813427	1.705112815	-0.570040691	-0.246623969	0.117858341	0.125550033	-0.117435708	0.819529918
137	0.770753748	0.108876553	-1.306945728	1.016643112	-1.685748786	1.082838649	-0.470938158	0.328580484	0.066975798	-0.402775279	0.938809172	-0.37524964
138	1.076808509	-0.385013062	-0.376223098	0.926045915	-1.898469158	1.25385052	-0.515329898	-0.506228572	0.009600235	-0.19180925	0.416559086	-0.156887347
139	1.079869054	-0.171006971	-1.194883249	1.535275225	-1.719693291	0.740933504	-0.524955866	0.131802948	-0.125249131	0.905188777	-0.039603631	0.106368428
140	0.423606404	-0.36961372	-0.449328304	1.508269341	-2.011037824	1.128450448	-0.444426615	0.522561948	0.035589872	-0.161153981	0.032456711	-0.309866434
141	0.248207268	-0.222772621	-0.062876364	1.88071287	-1.852389418	1.208984661	-0.612067609	0.168716452	-0.23062331	0.540026278	-0.191630123	0.61021899
142	1.257636906	-0.18625788	-0.524742684	0.986391253	-2.008479254	1.741995862	-0.646987725	0.197849357	-0.336438282	1.434321023	-0.244955345	0.356492372
143	1.186734691	0.058716415	-1.441147884	1.239144574	-1.918545498	1.346026999	-0.473236618	-0.410597285	1.081944851	0.039686776	0.008697844	-0.200012792
144	-0.133837869	1.109383367	-1.428794572	1.761655425	-2.09349466	1.529281532	-0.463765046	0.56277766	-0.372907146	0.736878797	-0.161380512	0.614840536
145	0.090224881	-0.522263814	-0.180365514	1.177522196	-1.777555269	1.567475799	-0.406408809	0.30282144	-0.366220889	0.611434841	-0.080345287	0.949630285
146	0.071843567	-0.055014552	-0.393123878	1.828247372	-2.055695683	1.249848687	-0.715634238	0.263529695	0.07330325	-0.020602433	0.114574751	-0.186918366
147	0.256923851	-0.432038325	-0.927902949	1.609471407	-2.079302417	1.874153036	-0.499096879	0.147538722	-0.218287291	0.650071363	-0.012204249	0.115726406
148	0.40537322	-0.387163658	-0.576238415	0.951716771	-2.11338102	1.58213916	-0.64293954	-0.186121805	1.014572221	0.095518976	-0.183218058	0.717719014
149	0.35828574	-0.313620642	-0.259749534	1.367091557	-1.887265228	1.858778881	-0.352597287	-0.043236883	0.966308939	0.056326534	-0.209451207	0.788435361
150	0.369474774	-0.35423639	-0.969074287	1.827586659	-2.140972557	1.227584035	-0.60505599	0.91432092	-0.165865059	0.507665474	0.058946791	-0.162732959
151	0.293145119	-0.408020492	-0.357384872	1.557465059	-1.935366771	1.368374623	-0.67381982	-0.232906906	0.539362715	0.108939362	-0.290195238	0.930946398
152	0.488224231	-0.53552644	-0.498750687	1.285880866	-2.198336939	2.154740251	-0.532455224	0.71850836	-0.055184309	1.363245	-0.209433284	0.286720459
153	0.683468036	-0.179011274	-0.34546505	1.623309076	-2.081528096	1.649596424	-0.596639801	-0.023055886	0.84130912	-0.084056561	0.620302479	0.072175915
154	0.463612416	-0.411919623	-0.622621853	1.79077302	-1.963449263	1.229749457	-0.274454565	0.226141854	-0.136949554	1.127260002	-0.014900818	0.815912177
155	0.446137995	-0.570468666	-1.042856463	1.717812116	-1.971059325	1.507676417	-0.315437233	0.620874328	-0.029277977	0.208133672	0.044617494	-0.02679559
156	0.210256577	-0.330022119	-0.523299844	2.318495429	-1.938230305	1.729162203	-0.405929984	-0.112506511	0.378726993	0.155686779	0.056968785	0.008313299
157	0.502976546	-0.356657019	-1.144937168	1.981868883	-2.144753511	1.495713721	-0.525560532	0.664331487	-0.081422222	1.321650679	-0.09996937	0.980042512
158	0.409491137	-0.517533456	-0.631969857	2.354843212	-2.34792564	2.02194626	-0.476964321	0.253610898	0.207112939	0.145679419	-0.178438274	0.455346392
159	0.339428303	-0.530599314	-0.255488825	2.113564683	-2.108742096	1.303968153	-0.449639689	0.110104268	-0.072940795	0.691595026	-0.222173064	0.971071604
160	0.340660632	-0.46056651	-1.441880663	1.502195571	-2.125160276	1.99183846	-0.475236943	-0.027372353	0.44019158	0.036452311	-0.35060898	0.21476403
161	0.819029179	-0.484848052	-1.281203157	2.015969451	-2.187731017	1.708116443	-0.414866537	0.300392884	-0.083567743	0.950306054	-0.232107305	0.599665117
162	0.349635275	-0.350809412	-1.151032504	1.852978901	-2.114489912	2.277060921	-0.516505028	0.904554395	-0.225162145	0.901248641	-0.024601783	1.096910246
163	0.486348381	-0.270262767	-1.110487232	1.559898612	-2.135642372	1.652618415	-0.233638866	0.435572894	0.120234064	-0.143044398	0.565198324	0.074465241
164	0.856774104	-0.328340173	-0.355407614	1.528489103	-2.188671184	1.744091488	-0.439316463	-0.426584144	0.744242329	0.105906085	-0.266030038	0.525853764
165	0.353021897	-0.471527916	-0.804501264	1.574246338	-2.048578517	2.315434009	-0.585473695	0.627144526	0.034683505	-0.140440842	0.489471747	0.044991217
166	1.398508247	-0.547031128	-1.056539782	2.61753745	-2.18869592	1.924861106	-0.459613804	0.061729877	0.116775409	-0.065263278	1.239021876	-0.025426553
167	0.52836404	-0.297363444	-0.369615196	2.258184172	-2.035165301	1.509531481	-0.442300352	0.354621828	-0.056562895	1.101265536	-0.209219483	1.093776431
168	-0.012037864	0.8163198	-1.626851301	2.597970863	-2.158318568	1.657183408	-0.597110125	0.352565252	-0.201295556	0.366456233	-0.138517376	1.146229946
169	0.123655134	-0.540331329	-0.805720553	2.738255424	-2.32181435	2.386786186	-0.352246634	-0.22724504	1.207547533	0.086183253	-0.220992289	0.160940864
170	0.252621883	-0.516857429	-0.311314409	2.218358228	-2.286584176	1.315445499	-0.540719349	0.736576964	-0.166148989	0.508459207	0.163169156	-0.038698229
171	0.086228815	-0.327875328	-0.521005072	2.099067695	-2.048002051	1.940562979	-0.682033977	-0.418695922	0.979726571	0.205351294	0.031550279	-0.052267336
172	0.098522874	-0.530832525	-0.958589629	2.336892971	-2.155418876	1.882685458	-0.328859754	0.180532051	-0.315709505	0.33648591	-0.321701433	1.151178994
173	0.155517867	-0.478781712	-0.728766703	1.876500318	-2.312453871	1.859610721	-0.456039243	-0.550774031	0.786733717	-0.1558382	0.281909399	0.180570897
174	0.377973161	-0.372442011	-0.644353251	2.272611418	-2.251181192	2.28851023	-0.629684241	-0.153167295	0.317231412	0.016551251	-0.194975982	0.548572521
175	0.308344244	-0.118627095	-1.054117147	2.262972202	-2.021811862	2.264393551	-0.469355742	0.642567831	-0.061967807	0.129465171	-0.259002727	0.646898589
176	0.234064506	-0.208592049	-0.855408289	2.617833179	-2.310721585	1.925077026	-0.346468649	0.513702688	0.037066896	0.251958609	-0.259591682	0.482736241
177	0.381639632	-0.261852249	-0.558795421	2.555365637	-1.990364353	2.583829053	-0.490914131	0.654668519	-0.180301495	0.755591586	-0.068568454	1.106811745
178	0.27391159	-0.204555444	-0.961951146	2.197013306	-2.195393219	1.705410685	-0.614819142	-0.15479109	0.28299339	0.112369167	-0.370135554	1.094257851
179	0.254127926	-0.233244782	-0.768059719	1.739058746	-1.884545545	2.290773211	-0.439003675	-0.160123467	0.859634058	0.197101268	0.027220969	-0.003763811
180	0.676444957	-0.29482446	-1.308209304	1.831357145	-2.203907146	1.593656984	-0.68181395	-0.304754464	0.239382695	0.011469319	0.051476737	-0.107874719
181	0.336874396	-0.143649489	-1.03365179	2.586519693	-2.080349102	2.018149794	-0.507908494	0.111597785	0.076240838	-0.062910476	1.326959385	-0.144070983
182	0.411233168	-0.496134318	-0.616509065	2.297354486	-2.223476852	1.75507329	-0.667997608	0.146184316	-0.164256299	0.140353365	-0.395107051	0.350109871
183	0.518566801	-0.482038345	-0.36367817	2.737974309	-2.041004217	2.30693988	-0.688390112	0.587348081	0.035389441	-0.165049107	0.204763568	-0.206862032
184	0.468023838	-0.336690874	-0.74716497	2.825064797	-2.110660231	2.021105513	-0.742122139	0.121046882	0.000769841	0.019594172	-0.019735796	0.597672568
185	0.457266214	-0.508263957	-1.554744378	2.814130106	-2.192987759	1.789324596	-0.658029643	-0.400959211	0.551062196	0.15890404	-0.364820002	0.584975591
186	0.690808104	-0.410987566	-1.392816158	2.013234135	-2.181547823	1.953959858	-0.619721038	0.205290744	-0.062143357	1.142266361	0.020489906	-0.133244283
187	0.729182963	-0.177666237	-0.874763753	2.261022399	-2.025649994	2.276400759	-0.559059626	-0.450180068	1.126481806	-0.132128401	0.130390589	-0.015909072
188	0.365964466	-0.363589027	-1.596901992	2.784062178	-2.161987046	2.179281962	-0.68126763	-0.434164917	0.181998319	0.237337163	-0.159706866	0.579325458
189	1.337099908	-0.40752527	-1.707563162	2.646559859	-1.952909613	2.525155572	-0.636692736	0.108332808	-0.044991967	0.662921407	-0.226737058	0.71563097
190	0.26572268	-0.330393197	-1.400426984	2.797605657	-2.057771051	2.726942855	-0.392024281	0.197487185	0.142756473	0.162445384	-0.137976939	0.607201932
191	0.845001039	-0.423851854	-1.547368857	3.047475661	-1.889617466	2.445120921	-0.645618003	0.522191746	0.123182524	-0.274430752	1.03721222	0.014003859
192	0.065721094	-0.332735969	-1.113778293	2.383785107	-2.054249485	2.050151954	-0.455024756	0.620746623	-0.034654665	0.298339496	-0.188849495	0.978128379
193	0.251062908	-0.580428879	-1.254296057	2.44825141	-2.068176016	2.593955424	-0.430091446	0.23788732	0.174676357	0.102367536	0.03785777	0.044651831
194	0.160121148	-0.356537925	-1.592217483	1.89384672	-2.070574039	1.952456294	-0.685065675	0.052188942	-0.278323122	0.415883464	-0.09406812	1.168799375
195	0.2078571	-0.47269314	-1.554985802	2.76913095	-2.275353424	2.105424454	-0.568084381	-0.079816332	1.040927531	0.058470868	-0.005574775	0.108289947
196	0.30608343	-0.545686859	-0.904243772	2.593622334	-2.115699824	1.736487962	-0.496547835	0.155488698	0.076022487	-0.090174833	1.015666191	0.020462299
197	0.027211101	-0.518328027	-1.257974703	2.976584418	-2.089622199	2.200753492	-0.629607714	-0.383825464	1.164255063	0.208587069	-0.132049806	1.368005682
198	0.19831247	-0.333045867	-1.900642068	2.692703406	-1.992583012	2.512212536	-0.575679813	-0.532065887	0.325907848	-0.029535393	0.154282483	-0.107964393
199	0.326123688	-0.392376904	-1.51144985	2.792350342	-1.944400915	2.073368782	-0.833565655	-0.344846281	0.981945926	0.092107465	-0.218678577	0.522924687
200	0.242484324	-0.322506098	-0.955356133	2.710826899	-2.082163831	1.645010767	-0.670057145	-0.570055201	0.612137819	0.091283939	-0.456253445	1.14391841
201	0.2981319	-0.231886417	-0.902051788	2.645199678	-2.197221544	2.750924309	-0.576211081	-0.281304892	1.15509409	0.201993199	-0.240003837	0.64516673
202	0.220065888	-0.294176373	-0.815300594	2.721615507	-2.07982671	2.042950897	-0.583946315	0.281471264	0.151029943	0.179559386	-0.527106365	0.862293303
203	0.511514945	-0.378808815	-0.923729032	2.384579442	-1.822778443	1.790529257	-0.600519819	0.085556435	-0.090806724	1.061401593	0.048888573	-0.187098418
204	0.337746774	-0.536311555	-1.289886236	2.975045518	-2.058004482	2.223265644	-0.778036557	-0.04894326	0.580414103	-0.16959706	0.825872399	0.179166976
205	0.547667946	-0.469687943	-1.551753515	2.469142297	-1.934112322	2.033612293	-0.863936724	0.381346168	-0.240035786	1.160279578	-0.29890871	1.103917309
206	0.394087697	-0.337478292	-1.242150782	2.406545435	-2.136196771	2.866038579	-0.760037421	-0.027047159	1.221751572	0.066354906	-0.183370522	0.189608998
207	0.72462857	-0.248059099	-0.964756494	2.845125323	-1.812920983	2.422633258	-0.493107348	0.220132029	-0.128083368	1.467687092	-0.347668537	1.144805886
208	0.272269786	-0.628653866	-1.702636057	2.40804093	-1.929940146	2.370538028	-0.524418989	0.106120381	-0.189787436	0.299186565	-0.217904345	0.830619828
209	0.421739455	-0.462161644	-2.04782182	2.481351458	-1.786908838	2.256521786	-0.458248034	-0.061723395	0.460625076	-0.05429942	-0.009967256	0.574468777
210	0.823799058	-0.435138267	-1.581481429	3.236975243	-2.062554851	2.192340573	-0.562525867	-0.466340219	1.091885916	0.01116314	-0.37266962	1.420537386
211	0.880746815	-0.210681052	-1.024543642	2.224135783	-2.080652315	2.474549081	-0.79018409	0.353353707	0.149544319	-0.027554778	0.806725939	0.082059701
212	1.243790753	-0.396621312	-1.620264849	2.906742367	-1.847931481	2.804544082	-0.609998183	-0.549014244	0.219406148	0.053886711	-0.577982085	0.929982021
213	1.10825997	-0.296581915	-1.390931387	2.757982515	-1.892888018	2.222279814	-0.808216324	-0.173119737	0.873025211	-0.290128667	0.590706745	0.012098862
214	1.011464486	-0.42046973	-1.880520374	2.871952368	-1.957426552	2.284289166	-0.840699632	0.154143968	-0.01815205	0.272741248	-0.238484896	0.517311972
215	0.502831547	-0.009559984	-1.345247243	3.439692742	-1.908904733	2.069314388	-0.850141175	-0.209664319	0.063281765	0.040456167	-0.137368701	1.077110057
216	-0.163243816	0.592050553	-2.311972843	2.762660487	-1.936539478	2.985486987	-0.76321894	-0.387333792	0.449708491	0.078087961	-0.50341658	1.315719812
217	0.189466018	-0.568695152	-2.243704635	3.182917938	-1.77796727	2.424898175	-0.668297263	-0.123680492	1.075026351	-0.016003635	-0.055515226	0.915856586
218	0.236019491	-0.303092599	-1.435808301	3.403551005	-1.90568937	2.000720649	-0.539760509	-0.687871343	0.723166607	-0.038643135	0.01936824	0.132298401
219	-0.002017503	0.859663558	-2.331820032	2.946401494	-1.952712858	1.906920909	-0.912912631	-0.414052002	0.793971703	-0.198796488	0.584470921	-0.125398311
220	0.054964307	-0.299967562	-1.23681574	2.16267896	-1.744150429	2.189622814	-0.66760518	0.009410185	-0.213849937	0.917216158	-0.548209431	1.541678966
221	0.070113769	-0.28795133	-1.995304128	3.396576541	-1.930135326	2.243785489	-0.697195081	-0.157234158	0.11777588	-0.247712964	0.826920375	0.256904436
222	0.102214114	-0.194766235	-1.77281917	2.91648739	-1.648104032	3.037800146	-0.651259235	0.012205168	-0.149201297	0.321855127	-0.542122939	0.522423177
223	0.13273308	0.04060981	-2.374854926	2.616175773	-1.848304659	2.854094125	-0.656307665	-0.611887842	0.491564549	0.156194365	-0.313598993	0.935114137
224	0.366611424	-0.211527873	-2.296780818	2.873089449	-1.864940457	2.114938595	-0.539635053	-0.017141039	0.748802864	-0.089447026	0.666658827	0.04151745
225	0.354058256	-0.150978815	-1.556046375	2.692319868	-1.859110735	2.261746627	-0.760044982	-0.52463944	0.13089696	-0.296072905	0.595497716	-0.039354016
226	0.28068117	-0.336518097	-1.992728122	2.60179393	-1.67484857	2.517785084	-0.471332952	-0.256348015	0.259438412	-0.12214282	0.840631767	0.167954072
227	0.2683612	-0.408615927	-1.246047532	3.445303024	-1.58421072	2.544165747	-0.780953682	-0.785596268	1.065051398	-0.324069619	0.059384095	-0.17099835
228	0.187429267	-0.349138949	-2.211621903	3.224019397	-1.839768971	2.230219793	-0.735970567	-1.011522343	1.030658444	-0.186587262	0.381189594	0.334686765
229	0.376699371	-0.136769844	-1.38969327	2.57893414	-1.790435463	1.964246941	-0.896839308	-0.896863512	0.748877744	-0.330892178	0.508889563	-0.007811165
230	0.648943239	-0.204888192	-1.59370512	3.184752626	-1.711823634	2.908649797	-0.713472129	-0.933348176	0.268419183	0.226133565	-0.220015174	0.483556517
231	0.481709134	-0.316995162	-1.845052394	2.677625845	-1.621501983	2.441168858	-0.601233609	-0.186705167	0.673849808	-0.012461106	0.282151974	0.021062525
232	0.335711524	-0.130116834	-2.605007234	2.351287935	-1.817032463	2.151043363	-0.64404802	-0.332301476	0.964658754	-0.088767498	0.062569729	-0.003983226
233	0.158580113	-0.13037493	-2.508060993	3.46139435	-1.636475109	2.773310143	-0.877571517	0.084220284	-0.176031374	0.312877417	-0.512242945	0.869977373
234	0.317818286	-0.269602966	-1.909005105	3.105186118	-1.535300403	2.71675697	-0.853531427	-0.458067698	0.921217094	0.0081697	-0.458857584	0.579369734
235	0.844246178	-0.064791972	-1.813393996	3.12703305	-1.662820708	1.957992734	-0.675508131	-0.6809851	1.408001279	-0.276388394	-0.096421177	0.639351407
236	0.346352925	-0.209603693	-1.293715503	2.513536704	-1.504217674	2.18039731	-0.769032454	-1.018352219	0.394871251	-0.202935374	0.367482145	0.214318605
237	0.790350449	-0.119819805	-2.401390597	2.984740828	-1.743821521	2.591698738	-0.877873301	-0.599672816	1.127195317	0.147947321	-0.55021055	0.557391732
238	0.803448764	-0.376809235	-1.453882517	2.626477596	-1.839826269	2.740936386	-0.756381255	-0.764622302	1.145890948	0.007458905	-0.349260599	0.818098506
239	0.355041915	-0.168674773	-2.002725767	2.662709068	-1.809740583	2.106829095	-0.655173986	-0.861537431	0.612572654	-0.098302679	-0.216097804	0.354515417
240	-0.037011302	1.2058687	-2.979442983	3.051008673	-1.753828602	2.938806799	-0.641043592	-0.619702313	1.06265569	-0.256767858	-0.16444552	1.092072181
241	-0.144221669	0.566095981	-2.661862189	3.016892329	-1.654257025	2.64998018	-0.945334903	-0.512010959	1.074210541	0.078109707	-0.494910517	1.106489778
242	0.045044942	-0.285180373	-2.309946199	2.473830647	-1.71989467	2.747512657	-0.785813954	-0.878845323	0.671932321	-0.075743951	0.728196463	-0.025588175
243	-0.055731706	0.694436853	-2.863961638	2.505451987	-1.575191364	2.404852065	-0.815997171	-0.724665229	1.31839007	-0.179282708	-0.130542469	1.220399378
244	-0.169627309	0.566489664	-3.084997047	3.426416347	-1.621261735	3.043114216	-0.753548599	0.032866943	-0.202817416	0.932184477	-0.376600822	0.740788939
245	-0.132068322	0.508984301	-2.84490015	2.950449705	-1.56290147	2.975890862	-0.921629506	-0.242233321	1.219140321	-0.022357091	-0.189837995	0.746823827
246	-0.143759624	0.686173768	-2.786582061	3.263680626	-1.727871426	2.191216765	-0.861932141	-0.810918301	0.80901766	-0.271717432	0.41971519	0.114920158
247	-0.184750115	0.455704639	-2.712988755	2.484226712	-1.702452414	2.795698624	-0.683772704	-0.270437802	0.394627512	-0.020001652	0.745870219	0.253158354
248	0.12185965	-0.387103248	-2.647690183	2.513847963	-1.778681649	2.928133679	-0.835335568	-0.601036481	0.196074418	-0.012847594	1.030426327	0.302234209
249	0.042039277	-0.259159159	-1.696608148	2.655891189	-1.694424558	2.187226974	-0.695489413	-0.465360577	0.202494785	-0.208152066	0.57224034	0.087692217
250	0.115085296	-0.246973291	-2.126910847	3.134572023	-1.426709138	2.094583324	-0.718452556	-0.967014457	0.811416165	-0.260223404	0.594919057	0.066889955
251	0.193337727	-0.005402015	-2.372263738	3.01918087	-1.625013035	3.042306155	-0.535720111	0.177736367	0.246805423	0.098145083	-0.442795882	0.99922237
252	0.067246995	-0.155610281	-2.455996185	2.91050221	-1.814158099	3.085444944	-0.914408678	0.205678625	-0.078651735	0.668740936	-0.439602139	0.836355584
253	0.17899088	-0.275627709	-2.155840635	2.901742003	-1.628781138	2.15641087	-0.663611449	-0.131311583	1.082926327	-0.043701585	0.357181525	-0.017575545
254	0.015294636	0.053253525	-2.75257725	2.811941028	-1.68195308	2.267845392	-0.772253867	-0.730282174	0.595774544	0.1659161	-0.341416438	0.254446109
255	0.272739533	-0.237539736	-1.44059129	3.276538386	-1.518707373	2.41050008	-0.714955906	-0.804081575	0.989244738	-0.097893593	0.644753934	0.016148127
256	0.312122102	0.105679473	-2.675094971	2.975410863	-1.790814534	2.230040711	-0.792938917	-0.530909904	1.299917588	-0.093529002	0.395129294	0.040048941